5505.499877929687 1.0883525334825567e-09
5515.499877929687 9.748091890415574e-10
5525.499877929687 1.9919374897945435e-09
5535.499877929687 2.377787555493523e-09
5545.499877929687 1.0902560049614259e-09
5555.499877929687 2.508507128500659e-09
5565.499877929687 2.6272609846947534e-09
5575.499877929687 3.7352007342350545e-09
5585.499877929687 2.205055387728679e-09
5595.499877929687 1.5720784808742468e-09
5605.499877929687 7.087587766078149e-10
5615.499877929687 4.046388769690647e-09
5625.499877929687 4.662585439997458e-09
5635.499877929687 3.6819234207547067e-09
5645.499877929687 3.7686039645806705e-09
5655.499877929687 1.8753017958998494e-09
5665.499877929687 2.727436885373019e-09
5675.499877929687 3.090155733226391e-09
5685.499877929687 3.4209488280677543e-09
5695.499877929687 3.0384736839819743e-09
5705.499877929687 1.2850997826140135e-09
5715.499877929687 2.603151348100494e-09
5725.499877929687 3.550569140867881e-09
5735.499877929687 6.678545554685635e-09
5745.499877929687 4.117459335053307e-09
5755.499877929687 2.6915768897392093e-09
5765.499877929687 3.917781485353407e-09
5775.499877929687 1.3325873746724431e-09
5785.499877929687 2.8784537371980996e-09
5795.499877929687 3.425535326990855e-09
5805.499877929687 8.527615672450459e-09
5815.499877929687 3.5915515820765423e-09
5825.499877929687 1.0538279346499784e-08
5835.499877929687 8.89278582188654e-09
5845.499877929687 7.586126752194827e-09
5855.499877929687 5.600342650268296e-09
5865.499877929687 1.4672168618406338e-08
5875.499877929687 1.1820691693948049e-08
5885.499877929687 9.672317812780138e-09
5895.499877929687 2.6995049324000268e-09
5905.499877929687 2.9448880474528768e-09
5915.499877929687 1.463833062160776e-08
5925.499877929687 1.0825099483802625e-08
5935.499877929687 8.366305035822327e-09
5945.499877929687 1.0881409482870082e-08
5955.499877929687 2.1068501886475246e-08
5965.499877929688 1.2182746771300379e-08
5975.499877929688 2.978463676493807e-09
5985.499877929688 8.591595987524507e-09
5995.499877929688 1.1895458347299943e-08
6005.499877929688 2.2934556330832783e-08
6015.499877929688 1.495456157731603e-08
6025.499877929688 1.931986039244044e-08
6035.499877929688 1.7774251316072546e-08
6045.499877929688 1.2344222584045075e-08
6055.499877929688 1.372508320260001e-08
6065.499877929688 4.221302388153439e-09
6075.499877929688 1.8614442594875397e-08
6085.499877929688 2.2158995256759233e-08
6095.499877929688 2.9582230893412223e-08
6105.499877929688 1.8422371541985907e-08
6115.499877929688 3.237626423900371e-08
6125.499877929688 1.8864554142853093e-08
6135.499877929688 3.50975096950743e-08
6145.499877929688 2.2041091152779403e-08
6155.499877929688 1.583247247200909e-08
6165.499877929688 1.4410022272914358e-08
6175.499877929688 1.7071452243540716e-08
6185.499877929688 1.3540221169954602e-08
6195.499877929688 3.708030282889765e-08
6205.499877929688 2.4547265007837202e-08
6215.499877929688 3.402861562108473e-08
6225.499877929688 1.9061569822411877e-08
6235.499877929688 1.7497430989881122e-08
6245.499877929688 3.3744799116044884e-08
6255.499877929688 3.922302108612745e-08
6265.499877929688 2.256858880751429e-08
6275.499877929688 1.564836868776909e-08
6285.499877929688 3.055150878152548e-08
6295.499877929688 5.888770124940981e-08
6305.499877929688 5.475723839100331e-08
6315.499877929688 4.0447877776985966e-08
6325.499877929688 6.765707137550675e-08
6335.499877929688 6.454004051479474e-08
6345.499877929688 3.312697267050475e-08
6355.499877929688 6.476792247190984e-08
6365.499877929688 5.839055803275915e-08
6375.499877929688 8.342577309546544e-08
6385.499877929688 2.8934896542582523e-08
6395.499877929688 4.857464783729492e-08
6405.499877929688 7.654982376412107e-08
6415.499877929688 4.8262228655445846e-08
6425.499877929688 5.511146795019428e-08
6435.499877929688 4.4013817632618466e-08
6445.499877929688 4.13326730600025e-08
6455.499877929688 6.344978206288148e-08
6465.499877929688 6.615904328837456e-08
6475.499877929688 7.291714741159617e-08
6485.499877929688 6.866720799979269e-08
6495.499877929688 9.427025962499591e-08
6505.499877929688 6.52134828035791e-08
6515.499877929688 8.195186146832051e-08
6525.499877929688 7.689096783448252e-08
6535.499877929688 6.217773088434336e-08
6545.499877929688 9.163658746207384e-08
6555.499877929688 8.65022231210296e-08
6565.499877929688 1.0444648696138492e-07
6575.499877929688 9.383987857713966e-08
6585.499877929688 8.891251590873653e-08
6595.499877929687 8.568170636150369e-08
6605.499877929687 9.624341744492221e-08
6615.499877929687 8.945807800100672e-08
6625.499877929687 1.051724828237259e-07
6635.499877929687 1.1682210316448039e-07
6645.499877929687 1.2229905329809377e-07
6655.499877929687 1.3237269532572524e-07
6665.499877929687 1.1935964244118042e-07
6675.499877929687 1.3954610405866418e-07
6685.499877929687 1.3003623837700675e-07
6695.499877929687 1.295378354324054e-07
6705.499877929687 1.619176902323435e-07
6715.499877929687 1.633018979574539e-07
6725.499877929687 1.3016816896056168e-07
6735.499877929687 1.765160686523202e-07
6745.499877929687 1.8136141286528494e-07
6755.499877929687 1.6259579614093123e-07
6765.499877929687 1.505761028560242e-07
6775.499877929687 1.3359704487447004e-07
6785.499877929687 1.8413156889999127e-07
6795.499877929687 1.6642677176674246e-07
6805.499877929687 1.437122450062753e-07
6815.499877929687 1.6917134465899997e-07
6825.499877929687 1.8324385798140166e-07
6835.499877929687 1.9819680185135414e-07
6845.499877929687 1.9029860405212405e-07
6855.499877929687 2.0745889446562202e-07
6865.499877929687 2.0523258993911812e-07
6875.499877929687 2.2369677778751743e-07
6885.499877929687 2.1406182671543588e-07
6895.499877929687 2.0949262533418202e-07
6905.499877929687 2.1848530621956432e-07
6915.499877929687 2.1830454079152322e-07
6925.499877929687 2.243521266424116e-07
6935.499877929687 2.2112444776791014e-07
6945.499877929687 2.5045455244495283e-07
6955.499877929687 2.4047760672211363e-07
6965.499877929687 2.4306418901071895e-07
6975.499877929687 2.6687244312031073e-07
6985.499877929687 2.6481135358218606e-07
6995.499877929687 2.463149666805052e-07
7005.499877929687 2.4440630270491446e-07
7015.499877929687 2.386086339419453e-07
7025.499877929687 2.682732173868876e-07
7035.499877929687 2.5190362959227975e-07
7045.499877929687 2.648702544774438e-07
7055.499877929687 2.3215935812922664e-07
7065.499877929687 2.7888808635350303e-07
7075.499877929687 2.658765387203036e-07
7085.499877929687 2.8836241744645953e-07
7095.499877929687 3.128075215840912e-07
7105.499877929687 3.1585512675032103e-07
7115.499877929687 3.035939377601974e-07
7125.499877929687 2.973810581668602e-07
7135.499877929687 3.262932535361517e-07
7145.499877929687 3.497033144256465e-07
7155.499877929687 3.3726809535642715e-07
7165.499877929687 3.416703435962891e-07
7175.499877929687 3.983930686475811e-07
7185.499877929687 3.532529503351111e-07
7195.499877929687 3.800658722822455e-07
7205.499877929687 3.581790977215139e-07
7215.499877929688 3.671036572499184e-07
7225.499877929688 3.971542717871187e-07
7235.499877929688 3.710336873096736e-07
7245.499877929688 3.782147401570193e-07
7255.499877929688 4.1928587681123115e-07
7265.499877929688 3.6205769265963955e-07
7275.499877929688 3.663541468843004e-07
7285.499877929688 3.5852305969143473e-07
7295.499877929688 3.370337004447778e-07
7305.499877929688 3.0816646022224467e-07
7315.499877929688 3.1182937140450593e-07
7325.499877929688 3.7341477582159175e-07
7335.499877929688 3.136331628321241e-07
7345.499877929688 2.7774790764749744e-07
7355.499877929688 3.0504166930805795e-07
7365.499877929688 2.982874192943974e-07
7375.499877929688 3.155521264056723e-07
7385.499877929688 3.0041507486361146e-07
7395.499877929688 3.666571308277724e-07
7405.499877929688 3.6083992524074814e-07
7415.499877929688 3.4766423761895085e-07
7425.499877929688 3.305213137583538e-07
7435.499877929688 3.917928766946566e-07
7445.499877929688 3.690035299842066e-07
7455.499877929688 3.6025166858018504e-07
7465.499877929688 3.730135394251061e-07
7475.499877929688 3.707884715396551e-07
7485.499877929688 4.198681712520438e-07
7495.499877929688 3.9133695700665247e-07
7505.499877929688 4.156153310256977e-07
7515.499877929688 4.4367675757033153e-07
7525.499877929688 4.2078073359804756e-07
7535.499877929688 4.512993156161906e-07
7545.499877929688 4.4079158506599885e-07
7555.499877929688 4.339298566754287e-07
7565.499877929688 4.0285833254224803e-07
7575.499877929688 4.400760288588626e-07
7585.499877929688 4.876332508538708e-07
7595.499877929688 4.950256423457762e-07
7605.499877929688 5.121333421481719e-07
7615.499877929688 5.014059385033963e-07
7625.499877929688 5.580559847613583e-07
7635.499877929688 5.59472083983732e-07
7645.499877929688 5.764088409896747e-07
7655.499877929688 6.009611056844795e-07
7665.499877929688 6.076355607465683e-07
7675.499877929688 6.623765297835539e-07
7685.499877929688 7.120595549839014e-07
7695.499877929688 9.407752386728873e-07
7705.499877929688 1.0915812644117597e-06
7715.499877929688 1.495272609507841e-06
7725.499877929688 2.001101558842587e-06
7735.499877929688 2.9799669686601778e-06
7745.499877929688 4.529146613782831e-06
7755.499877929688 6.707809582498162e-06
7765.499877929688 9.75939717636305e-06
7775.499877929688 1.384757732113915e-05
7785.499877929688 1.948446578299097e-05
7795.499877929688 2.6445077695231808e-05
7805.499877929688 3.7085198118349635e-05
7815.499877929688 5.2794901108578756e-05
7825.499877929688 7.93500137027452e-05
7835.499877929688 0.00013125921885095453
7845.499877929687 0.00022668773496778332
7855.499877929687 0.00043980253148811154
7865.499877929687 0.0009525149938752049
7875.499877929687 0.0021541545967412442
7885.499877929687 0.005055232778637447
7895.499877929687 0.011824980305198827
7905.499877929687 0.024767990802311308
7915.499877929687 0.046112271793672235
7925.499877929687 0.07530932805786957
7935.499877929687 0.11083310970209298
7945.499877929687 0.14606641198830955
7955.499877929687 0.1777117811627584
7965.499877929687 0.20422583725227478
7975.499877929687 0.22379644106288887
7985.499877929687 0.23770694301054066
7995.499877929687 0.24654701436387916
8005.499877929687 0.2527261603043445
8015.499877929687 0.2557575525157888
8025.499877929687 0.2570099249134571
8035.499877929687 0.2581219892260185
8045.499877929687 0.25945855896995307
8055.499877929687 0.25992273742111294
8065.499877929687 0.25823316680611597
8075.499877929687 0.25417340563018503
8085.499877929687 0.24937427039398977
8095.499877929687 0.24614198239977098
8105.499877929687 0.24556799577321892
8115.499877929687 0.2472917935982541
8125.499877929687 0.2503287915415324
8135.499877929687 0.25237273634684415
8145.499877929687 0.25462570273756924
8155.499877929687 0.2540132677151209
8165.499877929687 0.2538252379328597
8175.499877929687 0.25548754236702986
8185.499877929687 0.25972085502780523
8195.499877929687 0.26405462329858426
8205.499877929687 0.26980497257255603
8215.499877929687 0.27403995240286627
8225.499877929687 0.2760387026162331
8235.499877929687 0.2766851721606528
8245.499877929687 0.27590978379689796
8255.499877929687 0.27280961893789213
8265.499877929687 0.2698149255323458
8275.499877929687 0.2682908548751406
8285.499877929687 0.268086219962247
8295.499877929687 0.2689016915398952
8305.499877929687 0.2696855853693342
8315.499877929687 0.27043672675414293
8325.499877929687 0.2699251242763103
8335.499877929687 0.2682662713060524
8345.499877929687 0.2663741047999827
8355.499877929687 0.2666130703392823
8365.499877929687 0.2675175158870293
8375.499877929687 0.26944330777676206
8385.499877929687 0.2718704095989116
8395.499877929687 0.2737544971433922
8405.499877929687 0.2755178117798529
8415.499877929687 0.27723460994865945
8425.499877929687 0.2788502892892055
8435.499877929687 0.27990058086350433
8445.499877929687 0.280880993841227
8455.499877929687 0.2811015126277434
8465.499877929688 0.2814294279898058
8475.499877929688 0.28008775563606436
8485.499877929688 0.27966315612946696
8495.499877929688 0.2809458117255722
8505.499877929688 0.2820784363529606
8515.499877929688 0.2837327208260009
8525.499877929688 0.2832340088071639
8535.499877929688 0.2827626300218077
8545.499877929688 0.2823018490275474
8555.499877929688 0.28053514412535974
8565.499877929688 0.280503363172641
8575.499877929688 0.28064588179850525
8585.499877929688 0.28137296227661224
8595.499877929688 0.280825051021595
8605.499877929688 0.28210684557292365
8615.499877929688 0.2822711676197458
8625.499877929688 0.2809774374824691
8635.499877929688 0.2804843505122233
8645.499877929688 0.28197249689422543
8655.499877929688 0.2830183329249286
8665.499877929688 0.2868565925432044
8675.499877929688 0.2877086884266995
8685.499877929688 0.2881087254690978
8695.499877929688 0.289766539310232
8705.499877929688 0.2921543144341798
8715.499877929688 0.2911438133534159
8725.499877929688 0.29359894343569387
8735.499877929688 0.2937844876834062
8745.499877929688 0.29398763107351517
8755.499877929688 0.2909229321117295
8765.499877929688 0.29040458196903224
8775.499877929688 0.29261924974619535
8785.499877929688 0.29130211118641325
8795.499877929688 0.28800761685917686
8805.499877929688 0.2906779655744843
8815.499877929688 0.28856576250378874
8825.499877929688 0.2888304711578725
8835.499877929688 0.28794986890514684
8845.499877929688 0.2887053780917092
8855.499877929688 0.28298693003658437
8865.499877929688 0.2795561556899316
8875.499877929688 0.2840774685940617
8885.499877929688 0.28987976661930226
8895.499877929688 0.2876491459528134
8905.499877929688 0.2885478896104541
8915.499877929688 0.2950683246721999
8925.499877929688 0.2973645937550149
8935.499877929688 0.2983506448154143
8945.499877929688 0.2994331110643398
8955.499877929688 0.29977452464919174
8965.499877929688 0.2984008080984684
8975.499877929688 0.2976333050585323
8985.499877929688 0.29662374707454403
8995.499877929688 0.2954601538846272
9005.499877929688 0.29420545495761097
9015.499877929688 0.2921911089314544
9025.499877929688 0.2912465179197968
9035.499877929688 0.2888911291907514
9045.499877929688 0.287256635260593
9055.499877929688 0.2879020368871781
9065.499877929688 0.2865446369793293
9075.499877929688 0.2853330054306562
9085.499877929688 0.28695361542860764
9095.499877929687 0.287975341350048
9105.499877929687 0.2902717228938937
9115.499877929687 0.29210360126886437
9125.499877929687 0.2945227589329135
9135.499877929687 0.29808843373588034
9145.499877929687 0.30027881839439974
9155.499877929687 0.3030972295827638
9165.499877929687 0.30735793566709235
9175.499877929687 0.3085247498539765
9185.499877929687 0.311216209020083
9195.499877929687 0.31189388318027944
9205.499877929687 0.3116351988447535
9215.499877929687 0.312311402883543
9225.499877929687 0.3113822953825536
9235.499877929687 0.3103562164992274
9245.499877929687 0.30742920828065445
9255.499877929687 0.3064206119086008
9265.499877929687 0.3047453538541295
9275.499877929687 0.3030416117018988
9285.499877929687 0.3019915538026078
9295.499877929687 0.3021408869198291
9305.499877929687 0.30175211599762275
9315.499877929687 0.3021233718174635
9325.499877929687 0.3020897177902241
9335.499877929687 0.3015719895117605
9345.499877929687 0.30165686596119234
9355.499877929687 0.30134155035471183
9365.499877929687 0.3010379972833366
9375.499877929687 0.3010585859445636
9385.499877929687 0.3005734801070816
9395.499877929687 0.30146450865110774
9405.499877929687 0.30330807097893026
9415.499877929687 0.30444611384373377
9425.499877929687 0.3063867662536345
9435.499877929687 0.3075367904731742
9445.499877929687 0.30946760072194
9455.499877929687 0.31017448067588327
9465.499877929687 0.31092916646570956
9475.499877929687 0.31007047707061947
9485.499877929687 0.3094851228965917
9495.499877929687 0.3093942039125192
9505.499877929687 0.30861562471724496
9515.499877929687 0.3092693476460946
9525.499877929687 0.30676099197294354
9535.499877929687 0.3061546048646644
9545.499877929687 0.30462728324082156
9555.499877929687 0.304207868045952
9565.499877929687 0.30343421282724103
9575.499877929687 0.30268464611235113
9585.499877929687 0.30374859897622003
9595.499877929687 0.303768337754147
9605.499877929687 0.30397849358369283
9615.499877929687 0.3050370096605348
9625.499877929687 0.3068896266992019
9635.499877929687 0.30882038076986207
9645.499877929687 0.3110151521510738
9655.499877929687 0.31220608118884374
9665.499877929687 0.31302889148282875
9675.499877929687 0.3140758143634903
9685.499877929687 0.31497431113773355
9695.499877929687 0.31619911365727893
9705.499877929687 0.3154107282962707
9715.499877929688 0.31538803190344167
9725.499877929688 0.3151172725321373
9735.499877929688 0.3147112148446183
9745.499877929688 0.3127093695816792
9755.499877929688 0.31357451371757306
9765.499877929688 0.31118781929301453
9775.499877929688 0.30990751974106406
9785.499877929688 0.3082914209131761
9795.499877929688 0.30671007325122746
9805.499877929688 0.3047115623906602
9815.499877929688 0.3056966884953004
9825.499877929688 0.3061836255760312
9835.499877929688 0.30759612696518557
9845.499877929688 0.30956905928395057
9855.499877929688 0.3127237101333265
9865.499877929688 0.31416123321357403
9875.499877929688 0.31645551991963816
9885.499877929688 0.31766620808214463
9895.499877929688 0.3185562007368896
9905.499877929688 0.31864062233333645
9915.499877929688 0.31783110986677815
9925.499877929688 0.3176359499750564
9935.499877929688 0.31608802158265836
9945.499877929688 0.3146174153331247
9955.499877929688 0.31502474123548985
9965.499877929688 0.31398740608263587
9975.499877929688 0.31306132024516575
9985.499877929688 0.3102327342753822
9995.499877929688 0.30534316868283073
10005.499877929687 0.29438193483059905
10015.499877929688 0.2762219157275618
10025.499877929687 0.24834710153583572
10035.499877929688 0.21229884969607005
10045.499877929687 0.1763260492939213
10055.499877929688 0.14287778389738665
10065.499877929687 0.11762528090889754
10075.499877929688 0.09478233446620238
10085.499877929687 0.07861921103249975
10095.499877929688 0.06398452280083619
10105.499877929687 0.05451749779303945
10115.499877929688 0.045701083108193125
10125.499877929687 0.03982713556043495
10135.499877929688 0.033793246333699845
10145.499877929687 0.029804687356980934
10155.499877929688 0.025438239948125746
10165.499877929687 0.02244674565878449
10175.499877929688 0.019019641736726794
10185.499877929687 0.015984946064147083
10195.499877929688 0.012854716298932665
10205.499877929687 0.009944049119811695
10215.499877929688 0.00743093707571129
10225.499877929687 0.005358740849853633
10235.499877929688 0.003977757132448461
10245.50048828125 0.0027957749263409176
10255.50048828125 0.001987204507877101
10265.50048828125 0.0013931232841452859
10275.50048828125 0.0010015201555004312
10285.50048828125 0.000728243885340739
10295.50048828125 0.0005202795762285824
10305.50048828125 0.00040025175580722596
10315.50048828125 0.0002960098786570056
10325.50048828125 0.00022447607158963936
10335.50048828125 0.0001700447030114036
10345.50048828125 0.0001318806654887123
10355.50048828125 0.00010106264462866589
10365.50048828125 8.025801795802644e-05
10375.50048828125 6.443835802856377e-05
10385.50048828125 5.0398864381881936e-05
10395.50048828125 4.1558413167287314e-05
10405.50048828125 3.365080176353633e-05
10415.50048828125 2.7484842742156946e-05
10425.50048828125 2.2542121688755398e-05
10435.50048828125 1.8749092991183404e-05
10445.50048828125 1.6100565984040815e-05
10455.50048828125 1.3343768860035955e-05
10465.50048828125 1.1580537851223185e-05
10475.50048828125 1.0340877277573254e-05
10485.50048828125 8.544924752031359e-06
10495.50048828125 8.097821259230564e-06
10505.50048828125 7.124127774418677e-06
10515.50048828125 6.365847796857283e-06
10525.50048828125 5.7038469246894584e-06
10535.50048828125 5.2050896566147385e-06
10545.50048828125 4.028654355011124e-06
10555.50048828125 4.684712342495694e-06
10565.50048828125 4.773548453557777e-06
10575.50048828125 4.004216474870459e-06
10585.50048828125 4.0684905697143555e-06
10595.50048828125 3.630706762100976e-06
10605.50048828125 3.4172730029142132e-06
10615.50048828125 3.4076998007928683e-06
10625.50048828125 3.347426766465401e-06
10635.50048828125 2.6711302172764707e-06
10645.50048828125 3.0129675924896015e-06
10655.50048828125 2.6153471135831346e-06
10665.50048828125 3.5960017660133452e-06
10675.50048828125 2.7183573722224216e-06
10685.50048828125 3.2779003428889596e-06
10695.50048828125 2.8002511261385226e-06
10705.50048828125 2.9664658765422275e-06
10715.50048828125 2.469451105762798e-06
10725.50048828125 2.8418546019659604e-06
10735.50048828125 2.894168847198291e-06
10745.50048828125 2.974382933825391e-06
10755.50048828125 1.9342789605450947e-06
10765.50048828125 3.4792902704548e-06
10775.50048828125 2.2421160805159904e-06
10785.50048828125 2.5969589779976583e-06
10795.50048828125 2.7536946792238647e-06
10805.50048828125 3.2554551913126705e-06
10815.50048828125 2.549153069648611e-06
10825.50048828125 2.2385951945807717e-06
10835.50048828125 2.1453847435486987e-06
10845.50048828125 2.603502797156753e-06
10855.50048828125 2.156868403175523e-06
10865.50048828125 2.3998578938427365e-06
10875.50048828125 2.6921540188598825e-06
10885.50048828125 2.0232689511456455e-06
10895.50048828125 3.134350770073911e-06
10905.50048828125 2.3946694301629145e-06
10915.50048828125 2.0313353519409434e-06
10925.50048828125 1.9932834977426114e-06
10935.50048828125 2.767681346991074e-06
10945.50048828125 2.5653491896764535e-06
10955.50048828125 2.0373505474421267e-06
10965.50048828125 2.1461784652266643e-06
10975.50048828125 3.0165885104559655e-06
10985.50048828125 2.228471912351799e-06
10995.50048828125 1.9401073042985457e-06
11005.50048828125 2.162939302393576e-06
11015.50048828125 2.6693383154507488e-06
11025.50048828125 2.539990570084884e-06
11035.50048828125 1.6321892215263613e-06
11045.50048828125 2.28541194615059e-06
11055.50048828125 2.109434003772676e-06
11065.50048828125 1.885053899639836e-06
11075.50048828125 2.0460212884833146e-06
11085.50048828125 2.298093052745529e-06
11095.50048828125 2.0829393614892114e-06
11105.50048828125 2.910689233802269e-06
11115.50048828125 1.794147239042997e-06
11125.50048828125 2.9190638160558027e-06
11135.50048828125 2.2605879183130198e-06
11145.50048828125 2.317074724796926e-06
11155.50048828125 2.301461263515819e-06
11165.50048828125 2.611496806939824e-06
11175.50048828125 2.8560175926307047e-06
11185.50048828125 2.4056270113303074e-06
11195.50048828125 2.54102761626549e-06
11205.50048828125 2.4943349549866523e-06
11215.50048828125 2.948627240428003e-06
11225.50048828125 2.7574800850138722e-06
11235.50048828125 1.850165556441522e-06
11245.50048828125 2.2479656117127213e-06
11255.50048828125 2.1966462706476094e-06
11265.50048828125 2.2518349794043923e-06
11275.50048828125 2.3890490232340013e-06
11285.50048828125 2.2056509246659714e-06
11295.50048828125 3.4831053571472376e-06
11305.50048828125 2.5517826708745843e-06
11315.50048828125 2.2216436313778144e-06
11325.50048828125 2.2100883970134936e-06
11335.50048828125 2.2046790621320316e-06
11345.50048828125 2.4578185360494103e-06
11355.50048828125 2.946639659646669e-06
11365.50048828125 2.117594081608327e-06
11375.50048828125 2.4863965440721183e-06
11385.50048828125 2.8290321171713606e-06
11395.50048828125 2.2222728772759346e-06
11405.50048828125 2.8490175007512485e-06
11415.50048828125 2.0806895023494977e-06
11425.50048828125 2.9332955573577954e-06
11435.50048828125 2.5838652032074274e-06
11445.50048828125 2.4510329268238676e-06
11455.50048828125 2.217366415355176e-06
11465.50048828125 2.339059000007362e-06
11475.50048828125 2.163103620459238e-06
11485.50048828125 2.6617783844276902e-06
11495.50048828125 2.4011101867529497e-06
11505.50048828125 2.4946167503757377e-06
11515.50048828125 2.3167259818855656e-06
11525.50048828125 2.7814471720724922e-06
11535.50048828125 2.5758844637338103e-06
11545.50048828125 2.3998977777259657e-06
11555.50048828125 2.833990021778393e-06
11565.50048828125 1.9323800079592884e-06
11575.50048828125 2.897952342959753e-06
11585.50048828125 2.442525570960967e-06
11595.50048828125 2.668145197143274e-06
11605.50048828125 2.3717729347610525e-06
11615.50048828125 2.3725922606032105e-06
11625.50048828125 2.293757515650354e-06
11635.50048828125 2.554730596994535e-06
11645.50048828125 2.470128753167e-06
11655.50048828125 2.4982745877083352e-06
11665.50048828125 2.7019257464542506e-06
11675.50048828125 2.3991256854375403e-06
11685.50048828125 2.426828082203548e-06
11695.50048828125 2.1068128324936125e-06
11705.50048828125 2.6847478065541263e-06
11715.50048828125 1.8973721537893688e-06
11725.50048828125 3.0517982399414778e-06
11735.50048828125 3.135494462104397e-06
11745.50048828125 2.142721714647772e-06
11755.50048828125 2.3320132023243485e-06
11765.50048828125 2.531938478237674e-06
11775.50048828125 2.5452076559705356e-06
11785.50048828125 2.1698998354858184e-06
11795.50048828125 2.3768076557346518e-06
11805.50048828125 2.1083243765476717e-06
11815.50048828125 2.1195292741063305e-06
11825.50048828125 2.3937966915277937e-06
11835.50048828125 2.6051200873046498e-06
11845.50048828125 2.022513166998115e-06
11855.50048828125 2.244376423635663e-06
11865.50048828125 2.182753447734754e-06
11875.50048828125 2.462019223983856e-06
11885.50048828125 2.630528816725721e-06
11895.50048828125 2.3500893925759775e-06
11905.50048828125 2.7588322590457033e-06
11915.50048828125 2.3654804373399424e-06
11925.50048828125 2.9546017286257655e-06
11935.50048828125 2.1832497453568034e-06
11945.50048828125 2.110837571388478e-06
11955.50048828125 2.521864695442705e-06
11965.50048828125 2.10353262177288e-06
11975.50048828125 2.623046079698856e-06
11985.50048828125 2.0466752890009176e-06
11995.50048828125 2.5499291940212526e-06
12005.50048828125 2.29497104945636e-06
12015.50048828125 2.4251800287204935e-06
12025.50048828125 2.5504385635541632e-06
12035.50048828125 2.3404918943712e-06
12045.50048828125 2.1755402141881245e-06
12055.50048828125 1.9605665721486973e-06
12065.50048828125 2.0392856819014897e-06
12075.50048828125 2.654527160831008e-06
12085.50048828125 2.106785126600606e-06
12095.50048828125 2.5362696240287556e-06
12105.50048828125 2.223393667162122e-06
12115.50048828125 2.4775906664194554e-06
12125.50048828125 2.2394506467655228e-06
12135.50048828125 2.504724330579007e-06
12145.50048828125 2.1500189596871627e-06
12155.50048828125 2.1949996752333673e-06
12165.50048828125 2.834468114374629e-06
12175.50048828125 2.18462950061091e-06
12185.50048828125 1.9930332081830815e-06
12195.50048828125 2.2158488665820286e-06
12205.50048828125 3.156784773486802e-06
12215.50048828125 2.3651559738317737e-06
12225.50048828125 2.574971502279878e-06
12235.50048828125 2.4639949983598957e-06
12245.50048828125 2.2459626020373256e-06
12255.50048828125 2.291229869992195e-06
12265.50048828125 2.2466831507824883e-06
12275.50048828125 2.174671955019687e-06
12285.50048828125 2.410894817276363e-06
12295.50048828125 2.182477839518909e-06
12305.50048828125 2.6266689970800267e-06
12315.50048828125 1.7795470672132228e-06
12325.50048828125 2.613143034215968e-06
12335.50048828125 2.0839008243434444e-06
12345.50048828125 2.584883197966424e-06
12355.50048828125 2.5703507014664324e-06
12365.50048828125 2.2124268778570743e-06
12375.50048828125 1.9029109123833093e-06
12385.50048828125 2.1185009829919184e-06
12395.50048828125 2.885948129909978e-06
12405.50048828125 2.7967407739906917e-06
12415.50048828125 2.867256461145781e-06
12425.50048828125 3.0958317641145715e-06
12435.50048828125 2.0101893466406173e-06
12445.50048828125 2.4431772735501866e-06
12455.50048828125 3.003258100353117e-06
12465.50048828125 2.480146409194504e-06
12475.50048828125 2.049378931390433e-06
12485.50048828125 3.124544593147973e-06
12495.50048828125 2.7791764191283692e-06
12505.50048828125 2.896919717991408e-06
12515.50048828125 2.2951963270559783e-06
12525.50048828125 2.6999300378996843e-06
12535.50048828125 1.917613109791052e-06
12545.50048828125 2.247425239446423e-06
12555.50048828125 2.3775131988532416e-06
12565.50048828125 2.4050696653452265e-06
12575.50048828125 2.8153810845370915e-06
12585.50048828125 2.496851095006612e-06
12595.50048828125 2.3248908955076536e-06
12605.50048828125 2.530413190957359e-06
12615.50048828125 2.8167265747049988e-06
12625.50048828125 2.4548457012781778e-06
12635.50048828125 2.0705570405367272e-06
12645.50048828125 1.7652901396381307e-06
12655.50048828125 2.9839225221959637e-06
12665.50048828125 2.7886550103367046e-06
12675.50048828125 2.6615672052720585e-06
12685.50048828125 2.2379582087941315e-06
12695.50048828125 2.6499054229307056e-06
12705.50048828125 2.4676912695259555e-06
12715.50048828125 2.934947740738901e-06
12725.50048828125 2.864969405103042e-06
12735.50048828125 2.3463848998786184e-06
12745.50048828125 2.5223520655986654e-06
12755.50048828125 2.653023520764471e-06
12765.50048828125 2.3785332536691785e-06
12775.50048828125 2.923566763587503e-06
12785.50048828125 2.603728466178176e-06
12795.50048828125 2.576552550275125e-06
12805.50048828125 3.113203962634379e-06
12815.50048828125 3.5418616400833473e-06
12825.50048828125 2.6408990248610554e-06
12835.50048828125 2.544921667876436e-06
12845.50048828125 2.7376494551397327e-06
12855.50048828125 3.3123497525876296e-06
12865.50048828125 2.820314809198194e-06
12875.50048828125 3.00035759375448e-06
12885.50048828125 3.4508904557074725e-06
12895.50048828125 3.612748248863775e-06
12905.50048828125 3.383532629700293e-06
12915.50048828125 3.433019535071389e-06
12925.50048828125 3.248738062539493e-06
12935.50048828125 3.2728828691082636e-06
12945.50048828125 2.7833704169960385e-06
12955.50048828125 3.187813460669437e-06
12965.50048828125 3.596728495281571e-06
12975.50048828125 3.3137908376235023e-06
12985.50048828125 3.21274858066272e-06
12995.50048828125 3.997876483820646e-06
13005.50048828125 3.894232686257457e-06
13015.50048828125 3.1584310315478056e-06
13025.50048828125 3.5860695864331573e-06
13035.50048828125 3.518249907058445e-06
13045.50048828125 3.459485058343245e-06
13055.50048828125 3.24366087088866e-06
13065.50048828125 3.164509426576921e-06
13075.50048828125 3.583591433420378e-06
13085.50048828125 3.7616081078295498e-06
13095.50048828125 3.35679406187945e-06
13105.50048828125 3.4149683812480306e-06
13115.50048828125 3.210324045590572e-06
13125.50048828125 3.4893436171451987e-06
13135.50048828125 3.320015259619828e-06
13145.50048828125 3.6322963500599628e-06
13155.50048828125 2.967010823773326e-06
13165.50048828125 3.204556889376968e-06
13175.50048828125 3.3523754532598224e-06
13185.50048828125 3.3367179681645553e-06
13195.50048828125 3.6116099048219097e-06
13205.50048828125 3.6912267281330577e-06
13215.50048828125 3.631565008188799e-06
13225.50048828125 3.732520478015397e-06
13235.50048828125 2.7778330449097984e-06
13245.50048828125 3.275398546758299e-06
13255.50048828125 3.829055062216517e-06
13265.50048828125 3.1854130131737126e-06
13275.50048828125 3.1963756033689084e-06
13285.50048828125 3.0994910210181478e-06
13295.50048828125 3.665493523195952e-06
13305.50048828125 2.906459947730019e-06
13315.50048828125 3.0243063234739257e-06
13325.50048828125 2.868241080025525e-06
13335.50048828125 3.759421550106534e-06
13345.50048828125 3.3498661678589876e-06
13355.50048828125 2.9142265234122765e-06
13365.50048828125 3.3217120614704717e-06
13375.50048828125 3.7430271618189074e-06
13385.50048828125 3.7790164614980457e-06
13395.50048828125 3.589697314660821e-06
13405.50048828125 2.9398142077271864e-06
13415.50048828125 3.3943476571678225e-06
13425.50048828125 3.2153426326980924e-06
13435.50048828125 3.6618912315624812e-06
13445.50048828125 3.759658498819403e-06
13455.50048828125 2.757209682126532e-06
13465.50048828125 3.651533362778019e-06
13475.50048828125 3.7392432420581425e-06
13485.50048828125 3.2406391587509005e-06
13495.50048828125 2.8989976552944174e-06
13505.50048828125 3.824984476582719e-06
13515.50048828125 3.5993982204126513e-06
13525.50048828125 3.709261486130353e-06
13535.50048828125 4.0818934494172985e-06
13545.50048828125 2.512171844334787e-06
13555.50048828125 3.865482822284741e-06
13565.50048828125 3.5323856824324893e-06
13575.50048828125 4.039539666288306e-06
13585.50048828125 3.431730654390934e-06
13595.50048828125 3.5484333807921987e-06
13605.50048828125 2.799708618762165e-06
13615.50048828125 3.661167183450352e-06
13625.50048828125 3.657513149338403e-06
13635.50048828125 3.1616823797724084e-06
13645.50048828125 3.878256218635458e-06
13655.50048828125 2.9683984523910532e-06
13665.50048828125 3.6077764859942445e-06
13675.50048828125 3.4538018596094435e-06
13685.50048828125 3.333124103919023e-06
13695.50048828125 3.3181781584087015e-06
13705.50048828125 3.6966977263121445e-06
13715.50048828125 3.3306702730881585e-06
13725.50048828125 3.4074882933571296e-06
13735.50048828125 3.499070937699606e-06
13745.50048828125 3.105587124486801e-06
13755.50048828125 3.7452910573155736e-06
13765.50048828125 4.008596634351004e-06
13775.50048828125 4.153929389972952e-06
13785.50048828125 3.645135499196467e-06
13795.50048828125 3.2587864413304926e-06
13805.50048828125 3.7385294153693965e-06
13815.50048828125 4.1448717911428925e-06
13825.50048828125 3.401506482466052e-06
13835.50048828125 3.8038522378095115e-06
13845.50048828125 3.935346958144288e-06
13855.50048828125 3.262560262501035e-06
13865.50048828125 4.093266926583322e-06
13875.50048828125 3.6462849740125124e-06
13885.50048828125 2.9193752417755517e-06
13895.50048828125 3.71282197169737e-06
13905.50048828125 3.6772319617468767e-06
13915.50048828125 3.7441374598309926e-06
13925.50048828125 3.7477408056096425e-06
13935.50048828125 3.869935456403785e-06
13945.50048828125 3.80895482426901e-06
13955.50048828125 4.132233122406252e-06
13965.50048828125 3.6960443934237217e-06
13975.50048828125 3.406687598190475e-06
13985.50048828125 4.01661027698419e-06
13995.50048828125 3.8867231050081805e-06
14005.50048828125 3.8431716532648285e-06
14015.50048828125 3.913603224574627e-06
14025.50048828125 3.1784417426450147e-06
14035.50048828125 3.0128935064227956e-06
14045.50048828125 3.096387937276287e-06
14055.50048828125 3.6849404171443213e-06
14065.50048828125 4.382486609908224e-06
14075.50048828125 3.043508947428053e-06
14085.50048828125 3.2591804639869687e-06
14095.50048828125 3.2550910944724217e-06
14105.50048828125 3.3537760596223817e-06
14115.50048828125 4.133165792681767e-06
14125.50048828125 2.5375183618717687e-06
14135.50048828125 3.5479316051288724e-06
14145.50048828125 4.177064413075311e-06
14155.50048828125 3.879239808482177e-06
14165.50048828125 3.0475481719065188e-06
14175.50048828125 3.669773896261589e-06
14185.50048828125 3.680246887661252e-06
14195.50048828125 3.925505086259221e-06
14205.50048828125 3.4117415762913615e-06
14215.50048828125 3.088073252835541e-06
14225.50048828125 3.832622367654643e-06
14235.50048828125 3.643506095954024e-06
14245.50048828125 4.138273532504529e-06
14255.50048828125 2.756337148315788e-06
14265.50048828125 4.3654844007455145e-06
14275.50048828125 3.010021436566986e-06
14285.50048828125 3.7569164026660216e-06
14295.50048828125 3.5762375526274397e-06
14305.50048828125 3.806078801105046e-06
14315.50048828125 3.1357988073047194e-06
14325.50048828125 3.7640198650443683e-06
14335.50048828125 3.563261510393479e-06
14345.50048828125 2.828374989938035e-06
14355.50048828125 4.224752417208838e-06
14365.50048828125 3.2678679061620217e-06
14375.50048828125 3.92512964531706e-06
14385.50048828125 2.8173646419699652e-06
14395.50048828125 3.503267354558746e-06
14405.50048828125 3.5516584453314217e-06
14415.50048828125 4.167914171771949e-06
14425.50048828125 3.25241349731262e-06
14435.50048828125 3.47264041790991e-06
14445.50048828125 4.0055530454855685e-06
14455.50048828125 2.798152873270703e-06
14465.50048828125 4.055862085094032e-06
14475.50048828125 3.2893808953384977e-06
14485.50048828125 3.6196492297154474e-06
14495.50048828125 3.170291518461173e-06
14505.50048828125 2.7153891219266372e-06
14515.50048828125 3.579141061916038e-06
14525.50048828125 3.6750846513968774e-06
14535.50048828125 3.8143766860644234e-06
14545.50048828125 2.9160818455136522e-06
14555.50048828125 4.01978412810183e-06
14565.50048828125 4.3438216068855785e-06
14575.50048828125 3.6541983628183777e-06
14585.50048828125 3.6003826531754023e-06
14595.50048828125 3.731622438551714e-06
14605.50048828125 3.791796192546352e-06
14615.50048828125 4.1228636627637e-06
14625.50048828125 3.560236121277986e-06
14635.50048828125 3.2808530953901053e-06
14645.50048828125 4.788303466237256e-06
14655.50048828125 3.828380610540833e-06
14665.50048828125 3.258828732846832e-06
14675.50048828125 4.264639108138949e-06
14685.50048828125 3.98114987203798e-06
14695.50048828125 3.4782739778975637e-06
14705.50048828125 3.665594191068609e-06
14715.50048828125 4.180314551075153e-06
14725.50048828125 4.195076029158218e-06
14735.50048828125 3.8077970483858926e-06
14745.50048828125 4.039006198757428e-06
14755.50048828125 4.375908945327364e-06
14765.50048828125 3.4280372228778672e-06
14775.50048828125 4.283634136810391e-06
14785.50048828125 4.596318237958398e-06
14795.50048828125 3.5342239615598498e-06
14805.50048828125 5.192939477951037e-06
14815.50048828125 4.7268784713066005e-06
14825.50048828125 3.966204385379183e-06
14835.50048828125 4.731765641929302e-06
14845.50048828125 4.846031853781998e-06
14855.50048828125 3.477096748882177e-06
14865.50048828125 4.416449093042254e-06
14875.50048828125 5.436986844797855e-06
14885.50048828125 4.752946106442371e-06
14895.50048828125 5.400457413695859e-06
14905.50048828125 5.170256648961164e-06
14915.50048828125 4.940555194591111e-06
14925.50048828125 5.022793866753837e-06
14935.50048828125 4.346695779664196e-06
14945.50048828125 5.7381268562690255e-06
14955.50048828125 4.2728327133071845e-06
14965.50048828125 4.952460753182255e-06
14975.50048828125 3.799939134357013e-06
14985.50048828125 4.506378155132417e-06
14995.50048828125 4.063737841869187e-06
15005.50048828125 4.601388388918111e-06
15015.50048828125 3.8365495075351145e-06
15025.50048828125 4.32601046033522e-06
15035.50048828125 4.484056261483883e-06
15045.50048828125 4.436521626780756e-06
15055.50048828125 4.247190676711744e-06
15065.50048828125 3.92614123708522e-06
15075.50048828125 4.5671150336714935e-06
15085.50048828125 4.791156565341268e-06
15095.50048828125 4.70640962888471e-06
15105.50048828125 3.791180543318999e-06
15115.50048828125 4.535487706964028e-06
15125.50048828125 3.885487552070274e-06
15135.50048828125 4.265485001818008e-06
15145.50048828125 3.9355819073849915e-06
15155.50048828125 4.833826147713437e-06
15165.50048828125 4.288983966401844e-06
15175.50048828125 4.29062367434158e-06
15185.50048828125 4.523535675600005e-06
15195.50048828125 4.469117925453149e-06
15205.50048828125 3.952624608668585e-06
15215.50048828125 4.322410991596812e-06
15225.50048828125 4.785607725075673e-06
15235.50048828125 4.085064231162867e-06
15245.50048828125 4.1100084353866585e-06
15255.50048828125 4.57041919816627e-06
15265.50048828125 4.404662556393386e-06
15275.50048828125 3.928342283576075e-06
15285.50048828125 5.482159774909897e-06
15295.50048828125 4.425974162811973e-06
15305.50048828125 4.457105957485595e-06
15315.50048828125 4.049006658184045e-06
15325.50048828125 4.939974754773208e-06
15335.50048828125 4.405004406007613e-06
15345.50048828125 4.181391951154507e-06
15355.50048828125 4.191978048138288e-06
15365.50048828125 4.990621323928659e-06
15375.50048828125 4.864529281964827e-06
15385.50048828125 4.181337867362888e-06
15395.50048828125 4.2670513765747966e-06
15405.50048828125 4.241279544390288e-06
15415.50048828125 5.37839292969888e-06
15425.50048828125 3.7506226116925508e-06
15435.50048828125 4.379438910022022e-06
15445.50048828125 4.676476308536741e-06
15455.50048828125 4.1976879602088055e-06
15465.50048828125 4.972166338792803e-06
15475.50048828125 4.75181216143986e-06
15485.50048828125 5.90967222239233e-06
15495.50048828125 4.249496519133742e-06
15505.50048828125 3.4730434527692496e-06
15515.50048828125 4.972474913872509e-06
15525.50048828125 4.0799720932979e-06
15535.50048828125 4.0163580994249665e-06
15545.50048828125 4.129973257715103e-06
15555.50048828125 4.861091654840967e-06
15565.50048828125 4.264777015190004e-06
15575.50048828125 5.690918425130252e-06
15585.50048828125 4.8432149785513765e-06
15595.50048828125 4.417541608611933e-06
15605.50048828125 5.417195029597914e-06
15615.50048828125 4.84884843969303e-06
15625.50048828125 5.4472359337597665e-06
15635.50048828125 5.482242998481005e-06
15645.50048828125 5.2042353495332075e-06
15655.50048828125 5.478355928975706e-06
15665.50048828125 4.495775263286053e-06
15675.50048828125 5.1110625535785405e-06
15685.50048828125 4.654028156305478e-06
15695.50048828125 4.792238235047193e-06
15705.50048828125 4.891048403696617e-06
15715.50048828125 4.120891265390162e-06
15725.50048828125 5.936401149984914e-06
15735.50048828125 4.4881975982171424e-06
15745.50048828125 5.286544287987478e-06
15755.50048828125 4.848956167734327e-06
15765.50048828125 6.080879526247576e-06
15775.50048828125 4.5816721895965944e-06
15785.50048828125 5.3447368912018225e-06
15795.50048828125 6.057444829967662e-06
15805.50048828125 5.1188730835975336e-06
15815.50048828125 4.893101270350841e-06
15825.50048828125 5.798263206641586e-06
15835.50048828125 5.407063887162321e-06
15845.50048828125 5.144862505452639e-06
15855.50048828125 5.915658694188454e-06
15865.50048828125 5.478374562316651e-06
15875.50048828125 5.551113188270214e-06
15885.50048828125 4.444689059032474e-06
15895.50048828125 5.821025511476598e-06
15905.50048828125 5.968320356234337e-06
15915.50048828125 4.396214830740582e-06
15925.50048828125 4.87109242491908e-06
15935.50048828125 3.814854628982025e-06
15945.50048828125 4.84790653904443e-06
15955.50048828125 5.262016948493359e-06
15965.50048828125 5.174693171774358e-06
15975.50048828125 5.251007344780721e-06
15985.50048828125 5.496791534585114e-06
15995.50048828125 5.481813401797996e-06
16005.50048828125 5.495123144650063e-06
16015.50048828125 4.358162759159586e-06
16025.50048828125 5.509311809105675e-06
16035.50048828125 4.02338896533975e-06
16045.50048828125 6.026100027187911e-06
16055.50048828125 4.4346732269807245e-06
16065.50048828125 6.083022109574045e-06
16075.50048828125 4.917757350972282e-06
16085.50048828125 5.0794696593298376e-06
16095.50048828125 4.3811614792227055e-06
16105.50048828125 6.439577792718451e-06
16115.50048828125 6.897893475469969e-06
16125.50048828125 4.6466252991446445e-06
16135.50048828125 4.628684440157531e-06
16145.50048828125 6.005593819538125e-06
16155.50048828125 6.446215375071265e-06
16165.50048828125 4.911349355405265e-06
16175.50048828125 4.3558608337551085e-06
16185.50048828125 5.950714516060622e-06
16195.50048828125 6.530858582784664e-06
16205.50048828125 5.2023329233396046e-06
16215.50048828125 4.932156695517004e-06
16225.50048828125 5.657492377231132e-06
16235.50048828125 5.211284248596491e-06
16245.50048828125 5.355892732865598e-06
16255.50048828125 5.7654856684042255e-06
16265.50048828125 5.748608088470875e-06
16275.50048828125 5.9338514616044555e-06
16285.50048828125 4.677659560502469e-06
16295.50048828125 5.561408344406753e-06
16305.50048828125 5.416782128757649e-06
16315.50048828125 5.783841307595288e-06
16325.50048828125 6.075722199377411e-06
16335.50048828125 5.260751790827922e-06
16345.50048828125 6.3983048553578525e-06
16355.50048828125 5.338560273651907e-06
16365.50048828125 6.751719709348686e-06
16375.50048828125 5.544263151767817e-06
16385.50048828125 5.327994611405726e-06
16395.50048828125 4.588088617702497e-06
16405.50048828125 5.470078971622713e-06
16415.50048828125 5.453416344357411e-06
16425.50048828125 5.4254361317355165e-06
16435.50048828125 6.908059428777083e-06
16445.50048828125 5.270779210407306e-06
16455.50048828125 6.480438371298375e-06
16465.50048828125 6.465935566159992e-06
16475.50048828125 6.16741433339343e-06
16485.50048828125 6.461532260705989e-06
16495.50048828125 5.643153732124584e-06
16505.50048828125 7.365293855813781e-06
16515.50048828125 6.7411502445035385e-06
16525.50048828125 6.810276963415053e-06
16535.50048828125 5.464298066289626e-06
16545.50048828125 8.17589333426942e-06
16555.50048828125 6.695118157727872e-06
16565.50048828125 5.169134988421519e-06
16575.50048828125 5.368638627752396e-06
16585.50048828125 5.888483519566821e-06
16595.50048828125 5.9686507990804225e-06
16605.50048828125 6.710106454163907e-06
16615.50048828125 5.944198741692813e-06
16625.50048828125 5.715147317255012e-06
16635.50048828125 5.180983566064968e-06
16645.50048828125 7.048145819535282e-06
16655.50048828125 4.8537687875800155e-06
16665.50048828125 5.5956849891691645e-06
16675.50048828125 5.254260000439612e-06
16685.50048828125 5.348698021916796e-06
16695.50048828125 4.726885368026512e-06
16705.50048828125 5.098684062213938e-06
16715.50048828125 6.023451964809784e-06
16725.50048828125 7.204339947370464e-06
16735.50048828125 5.533379025673448e-06
16745.50048828125 5.751029280027685e-06
16755.50048828125 4.936315553286968e-06
16765.50048828125 6.6711977025201495e-06
16775.50048828125 6.21374996105285e-06
16785.50048828125 6.73714973791585e-06
16795.50048828125 7.747494415149665e-06
16805.50048828125 4.142105225833793e-06
16815.50048828125 5.543439061987206e-06
16825.50048828125 6.547300306962488e-06
16835.50048828125 6.36521911143251e-06
16845.50048828125 6.417005402989274e-06
16855.50048828125 5.0917523345602956e-06
16865.50048828125 6.817541513375667e-06
16875.50048828125 5.07839693154501e-06
16885.50048828125 4.967852464116505e-06
16895.50048828125 7.1580022146251235e-06
16905.50048828125 6.5273878581462286e-06
16915.50048828125 4.606080942930331e-06
16925.50048828125 7.0674867247603055e-06
16935.50048828125 4.915527338486444e-06
16945.50048828125 7.074030775672786e-06
16955.50048828125 6.4155330331913605e-06
16965.50048828125 6.9833848413165314e-06
16975.50048828125 5.900701634543111e-06
16985.50048828125 4.930555314901869e-06
16995.50048828125 7.160746228191523e-06
17005.50048828125 5.781989763395835e-06
17015.50048828125 5.83221893436816e-06
17025.50048828125 5.34216268059372e-06
17035.50048828125 6.284785440190091e-06
17045.50048828125 5.277894234494699e-06
17055.50048828125 6.371590266341434e-06
17065.50048828125 6.3494190176061465e-06
17075.50048828125 5.9150633527985974e-06
17085.50048828125 5.1293438991880865e-06
17095.50048828125 7.711880522938682e-06
17105.50048828125 6.342107916960153e-06
17115.50048828125 5.289190810083678e-06
17125.50048828125 6.34444044738244e-06
17135.50048828125 5.920651452951794e-06
17145.50048828125 6.602599883668649e-06
17155.50048828125 6.9604479359521915e-06
17165.50048828125 4.899150696681721e-06
17175.50048828125 5.956489966998577e-06
17185.50048828125 4.668720153957728e-06
17195.50048828125 5.38755580574718e-06
17205.50048828125 6.911046405263958e-06
17215.50048828125 6.37618461807253e-06
17225.50048828125 6.497223096863836e-06
17235.50048828125 6.865634945864349e-06
17245.50048828125 5.9454835710404e-06
17255.50048828125 7.180219351052873e-06
17265.50048828125 7.4314787645254674e-06
17275.50048828125 5.754371761516189e-06
17285.50048828125 8.730877252900689e-06
17295.50048828125 7.632905836316157e-06
17305.50048828125 6.126893946941772e-06
17315.50048828125 6.992328977592558e-06
17325.50048828125 7.420943503731213e-06
17335.50048828125 6.418450482872389e-06
17345.50048828125 7.663460068106263e-06
17355.50048828125 8.158127477502845e-06
17365.50048828125 7.4625439636372776e-06
17375.50048828125 8.51474081188713e-06
17385.50048828125 8.139702013250985e-06
17395.50048828125 6.817340101942671e-06
17405.50048828125 9.57782573873081e-06
17415.50048828125 7.604677662914021e-06
17425.50048828125 7.695671544368113e-06
17435.50048828125 6.627870555192521e-06
17445.50048828125 7.77268423962113e-06
17455.50048828125 8.083442335203881e-06
17465.50048828125 7.561649499664989e-06
17475.50048828125 7.826307654411332e-06
17485.50048828125 9.688141349527563e-06
17495.50048828125 7.735647127830602e-06
17505.50048828125 7.233925447763836e-06
17515.50048828125 6.997891965625747e-06
17525.50048828125 6.443066038092419e-06
17535.50048828125 8.725208469538927e-06
17545.50048828125 6.693783042786794e-06
17555.50048828125 9.050446846241107e-06
17565.50048828125 6.663300915193679e-06
17575.50048828125 8.825061509240986e-06
17585.50048828125 6.991626256014347e-06
17595.50048828125 9.175087739188935e-06
17605.50048828125 6.410119357087735e-06
17615.50048828125 6.787246651850785e-06
17625.50048828125 6.008652059385262e-06
17635.50048828125 7.968049297154225e-06
17645.50048828125 7.1490523960038095e-06
17655.50048828125 7.648385530659892e-06
17665.50048828125 7.79591886226278e-06
17675.50048828125 7.5344445771735855e-06
17685.50048828125 6.820607114165643e-06
17695.50048828125 6.357250345676912e-06
17705.50048828125 8.568871776558006e-06
17715.50048828125 7.077821724554952e-06
17725.50048828125 7.705473402300638e-06
17735.50048828125 7.759768129138395e-06
17745.50048828125 6.4873966556848915e-06
17755.50048828125 8.948789508054793e-06
17765.50048828125 7.69965430088766e-06
17775.50048828125 7.827972052859705e-06
17785.50048828125 9.56425127845522e-06
17795.50048828125 8.031659482909048e-06
17805.50048828125 7.861213852495646e-06
17815.50048828125 7.369152170953683e-06
17825.50048828125 9.332679774156288e-06
17835.50048828125 8.335325994437063e-06
17845.50048828125 7.112933636637702e-06
17855.50048828125 8.39408467193836e-06
17865.50048828125 8.786371689346948e-06
17875.50048828125 8.2857708860073e-06
17885.50048828125 7.142441513557468e-06
17895.50048828125 6.849982145514442e-06
17905.50048828125 7.2201658215361315e-06
17915.50048828125 8.722020702248105e-06
17925.50048828125 7.0824534058710665e-06
17935.50048828125 8.152499522883865e-06
17945.50048828125 6.573985209394199e-06
17955.50048828125 8.045933362858566e-06
17965.50048828125 8.736107767862973e-06
17975.50048828125 7.135287764328312e-06
17985.50048828125 8.587061211995719e-06
17995.50048828125 9.69895063139075e-06
18005.50048828125 6.462281069376855e-06
18015.50048828125 8.238146379319952e-06
18025.50048828125 8.172042000081182e-06
18035.50048828125 9.166068270327088e-06
18045.50048828125 7.429193363413818e-06
18055.50048828125 8.970002548654788e-06
18065.50048828125 8.197714959823573e-06
18075.50048828125 9.088333826602786e-06
18085.50048828125 9.435937134642489e-06
18095.50048828125 9.007262753836023e-06
18105.50048828125 1.1051620966769153e-05
18115.50048828125 8.779883098971621e-06
18125.50048828125 1.0167383456897107e-05
18135.50048828125 9.351443747986689e-06
18145.50048828125 1.1173061455864111e-05
18155.50048828125 1.0944787915803828e-05
18165.50048828125 8.918408626182452e-06
18175.50048828125 9.138676417164413e-06
18185.50048828125 9.834141121639108e-06
18195.50048828125 1.1176865186374977e-05
18205.50048828125 8.44591309022598e-06
18215.50048828125 9.607694196675673e-06
18225.50048828125 9.711178416831531e-06
18235.50048828125 1.3362837193717104e-05
18245.50048828125 8.585317920823658e-06
18255.50048828125 1.0913208219774048e-05
18265.50048828125 7.946342086222713e-06
18275.50048828125 1.0994792664099807e-05
18285.50048828125 1.0722628877204921e-05
18295.50048828125 8.640821211226232e-06
18305.50048828125 1.181583768984925e-05
18315.50048828125 1.1726230582202252e-05
18325.50048828125 1.3725511877427977e-05
18335.50048828125 9.916393891765209e-06
18345.50048828125 9.349963753966048e-06
18355.50048828125 1.2913946896493957e-05
18365.50048828125 1.1588065516383864e-05
18375.50048828125 1.0482108527089414e-05
18385.50048828125 9.771444020765072e-06
18395.50048828125 1.2419203303172082e-05
18405.50048828125 1.3020385844898442e-05
18415.50048828125 8.986739632558547e-06
18425.50048828125 9.244552488220233e-06
18435.50048828125 1.152305964598104e-05
18445.50048828125 1.1753701163213286e-05
18455.50048828125 1.2695592939424219e-05
18465.50048828125 1.323732313597453e-05
18475.50048828125 1.223899292329213e-05
18485.50048828125 1.0072336397564033e-05
18495.50048828125 1.4254389299389364e-05
18505.50048828125 8.96042811552286e-06
18515.50048828125 1.2114229437391567e-05
18525.50048828125 1.2303210864882498e-05
18535.50048828125 1.2257614279309566e-05
18545.50048828125 1.0537490922161808e-05
18555.50048828125 1.0783420801146542e-05
18565.50048828125 1.297503854051416e-05
18575.50048828125 1.018668442118252e-05
18585.50048828125 1.1607079709045842e-05
18595.50048828125 1.3214456677301326e-05
18605.50048828125 1.1043324690629522e-05
18615.50048828125 9.139288508576696e-06
18625.50048828125 1.3651795373798641e-05
18635.50048828125 1.2928063662122954e-05
18645.50048828125 1.0867395940970937e-05
18655.50048828125 9.417329105306265e-06
18665.50048828125 1.1672669903034403e-05
18675.50048828125 1.1805986095207727e-05
18685.50048828125 1.1782009058374595e-05
18695.50048828125 1.1278095277346864e-05
18705.50048828125 1.0063195185288798e-05
18715.50048828125 1.2284393744944462e-05
18725.50048828125 1.2755494650940873e-05
18735.50048828125 1.0822151729730048e-05
18745.50048828125 1.197679445443792e-05
18755.50048828125 1.4184718573101463e-05
18765.50048828125 1.4227417484499297e-05
18775.50048828125 1.036943976341502e-05
18785.50048828125 1.3813452904983241e-05
18795.50048828125 1.1627621267578158e-05
18805.50048828125 1.1409410045386125e-05
18815.50048828125 1.0418097006583817e-05
18825.50048828125 1.0371598247000491e-05
18835.50048828125 1.0558020325118177e-05
18845.50048828125 1.116833207491545e-05
18855.50048828125 1.2212726383000379e-05
18865.50048828125 1.1880936341186376e-05
18875.50048828125 1.1724581480056217e-05
18885.50048828125 1.1500708616614368e-05
18895.50048828125 1.2220478119934782e-05
18905.50048828125 1.36258346221857e-05
18915.50048828125 1.1774060506857274e-05
18925.50048828125 1.1973916873873564e-05
18935.50048828125 1.2873173095792715e-05
18945.50048828125 1.1627960870553373e-05
18955.50048828125 1.1820310582158248e-05
18965.50048828125 1.1206629557532805e-05
18975.50048828125 1.1287850142632455e-05
18985.50048828125 1.2526844992735368e-05
18995.50048828125 1.4352206670875774e-05
19005.50048828125 1.1473636482399148e-05
19015.50048828125 1.0047347516716857e-05
19025.50048828125 1.1301121005875573e-05
19035.50048828125 1.194653924358185e-05
19045.50048828125 1.161767302137249e-05
19055.50048828125 1.1155956508849994e-05
19065.50048828125 1.3054390178784726e-05
19075.50048828125 1.2010757626533098e-05
19085.50048828125 1.2261798334937276e-05
19095.50048828125 1.2792002949597869e-05
19105.50048828125 1.5125774537044024e-05
19115.50048828125 1.1937288612480848e-05
19125.50048828125 1.4193771026870262e-05
19135.50048828125 1.292936548237269e-05
19145.50048828125 1.3655835972285977e-05
19155.50048828125 1.359436763218745e-05
19165.50048828125 1.2136789424569866e-05
19175.50048828125 1.3806430363964695e-05
19185.50048828125 1.2365624519648855e-05
19195.50048828125 1.1999744441621678e-05
19205.50048828125 1.6274573304933834e-05
19215.50048828125 1.2764307944254759e-05
19225.50048828125 1.4870608314652257e-05
19235.50048828125 1.2475260727228446e-05
19245.50048828125 1.2321451015876833e-05
19255.50048828125 1.3100571408145043e-05
19265.50048828125 1.4952832724396062e-05
19275.50048828125 1.3367403601003629e-05
19285.50048828125 1.2223907275232317e-05
19295.50048828125 1.5911246290592485e-05
19305.50048828125 1.6311035626112188e-05
19315.50048828125 1.5055741890035025e-05
19325.50048828125 1.0200823874840006e-05
19335.50048828125 1.3962125064929078e-05
19345.50048828125 1.4213775767966568e-05
19355.50048828125 1.2365570046140284e-05
19365.50048828125 1.2051522797778857e-05
19375.50048828125 1.2516665634563747e-05
19385.50048828125 1.081854593316562e-05
19395.50048828125 1.5444462281050648e-05
19405.50048828125 1.2950905334404264e-05
19415.50048828125 1.3297828970124927e-05
19425.50048828125 1.1257847070382998e-05
19435.50048828125 1.2933447129314192e-05
19445.50048828125 1.4412334123120539e-05
19455.50048828125 1.0975398896873909e-05
19465.50048828125 1.074818923811369e-05
19475.50048828125 1.39738946693947e-05
19485.50048828125 1.2119367313979258e-05
19495.50048828125 1.3542771864843176e-05
19505.50048828125 1.3003849470891816e-05
19515.50048828125 1.1909417358959988e-05
19525.50048828125 1.3020052482729782e-05
19535.50048828125 1.156977864277315e-05
19545.50048828125 1.4357411768939446e-05
19555.50048828125 1.3859197692470996e-05
19565.50048828125 1.6365216465165467e-05
19575.50048828125 1.2926991328337333e-05
19585.50048828125 1.37235667262461e-05
19595.50048828125 1.2726938556628371e-05
19605.50048828125 1.375635578881901e-05
19615.50048828125 1.2151603978584854e-05
19625.50048828125 1.2175737401375026e-05
19635.50048828125 1.1505936509039677e-05
19645.50048828125 1.3386109906636764e-05
19655.50048828125 1.1033207678308086e-05
19665.50048828125 1.393088677728073e-05
19675.50048828125 1.2997029188647728e-05
19685.50048828125 1.120322628513249e-05
19695.50048828125 1.641276553567908e-05
19705.50048828125 1.1910162664023672e-05
19715.50048828125 1.4247273439383999e-05
19725.50048828125 1.3116010593838708e-05
19735.50048828125 1.4166751420354402e-05
19745.50048828125 1.0532372093903327e-05
19755.50048828125 1.2997487017023526e-05
19765.50048828125 1.2334324765505076e-05
19775.50048828125 1.4075883320492993e-05
19785.50048828125 1.0240938998350446e-05
19795.50048828125 1.4496849342052654e-05
19805.50048828125 1.613649193592152e-05
19815.50048828125 1.0005667413586e-05
19825.50048828125 1.2893912348382823e-05
19835.50048828125 1.1547517132671732e-05
19845.50048828125 1.4691833333622242e-05
19855.50048828125 9.642237615727387e-06
19865.50048828125 1.2588462617901088e-05
19875.50048828125 1.2860238056244804e-05
19885.50048828125 1.4455100167911949e-05
19895.50048828125 8.798668030549985e-06
19905.50048828125 1.202052464447945e-05
19915.50048828125 1.2421577098558052e-05
19925.50048828125 1.6404306077296965e-05
19935.50048828125 1.2009470865566064e-05
19945.50048828125 1.1885337840756776e-05
19955.50048828125 1.3801135056255325e-05
19965.50048828125 1.1022247579895826e-05
19975.50048828125 1.4314681261364796e-05
19985.50048828125 1.2304997108689142e-05
19995.50048828125 1.3975893095768347e-05
20005.50048828125 1.3846791495750288e-05
20015.50048828125 1.2126689970674513e-05
20025.50048828125 1.2201544197019693e-05
20035.50048828125 1.3638866436236233e-05
20045.50048828125 1.5941326120153884e-05
20055.50048828125 1.4253297029859005e-05
20065.50048828125 1.2259031191499737e-05
20075.50048828125 1.1638159262114158e-05
20085.50048828125 1.341239879314231e-05
20095.50048828125 1.5097995435280016e-05
20105.50048828125 1.5183979500328736e-05
20115.50048828125 1.2757712753784016e-05
20125.50048828125 1.2482879911208446e-05
20135.50048828125 1.4708653762292663e-05
20145.50048828125 1.1408906374261155e-05
20155.50048828125 1.4145026455384125e-05
20165.50048828125 1.463221956515625e-05
20175.50048828125 1.204423132751232e-05
20185.50048828125 1.6702293717235623e-05
20195.50048828125 1.1749798584576394e-05
20205.50048828125 1.9533775960130525e-05
20215.50048828125 8.686672746651147e-06
20225.50048828125 1.6093909038075195e-05
20235.50048828125 1.0466905676297273e-05
20245.50048828125 1.3759851806442476e-05
20255.50048828125 1.3121270392284558e-05
20265.50048828125 1.4866849403611639e-05
20275.50048828125 1.6285505382755018e-05
20285.50048828125 1.4376317676068955e-05
20295.50048828125 1.5100704620991912e-05
20305.50048828125 1.1787597631242302e-05
20315.50048828125 1.469301740682789e-05
20325.50048828125 1.3304059138724967e-05
20335.50048828125 1.5290303125007457e-05
20345.50048828125 1.1150106558346077e-05
20355.50048828125 1.4140471334144657e-05
20365.50048828125 1.164224208676377e-05
20375.50048828125 1.3156704765490713e-05
20385.50048828125 1.6483465238539972e-05
20395.50048828125 1.6351442598877887e-05
20405.50048828125 1.3717451760052824e-05
20415.50048828125 1.4021915338904655e-05
20425.50048828125 1.3564190170385984e-05
20435.50048828125 1.5109534717958094e-05
20445.50048828125 1.2821553738536644e-05
20455.50048828125 1.3578706302334484e-05
20465.50048828125 1.567374819793718e-05
20475.50048828125 1.5695578266654316e-05
20485.50048828125 1.7306909985594466e-05
20495.50048828125 1.4091399704310914e-05
20505.50048828125 1.6122731764063514e-05
20515.50048828125 1.4843408253482918e-05
20525.50048828125 1.4174776136888877e-05
20535.50048828125 1.7080377246087944e-05
20545.50048828125 1.97864585124301e-05
20555.50048828125 1.380671922212366e-05
20565.50048828125 1.188019951347248e-05
20575.50048828125 1.4118208939790155e-05
20585.50048828125 1.4165669857992033e-05
20595.50048828125 1.244392670229815e-05
20605.50048828125 1.3098877332132752e-05
20615.50048828125 1.4612930805552604e-05
20625.50048828125 1.4696701857682275e-05
20635.50048828125 1.8885791191715123e-05
20645.50048828125 1.5241915995457521e-05
20655.50048828125 1.2603439473733522e-05
20665.50048828125 1.7157695976455455e-05
20675.50048828125 1.8147753104136315e-05
20685.50048828125 1.4121190314851166e-05
20695.50048828125 1.7022208108433756e-05
20705.50048828125 1.5578515510893195e-05
20715.50048828125 1.6156919719795703e-05
20725.50048828125 1.3326578153948631e-05
20735.50048828125 1.3750109140841762e-05
20745.50048828125 1.571094628656923e-05
20755.50048828125 1.1537133579651555e-05
20765.50048828125 1.571415010414631e-05
20775.50048828125 1.3408508295765981e-05
20785.50048828125 2.093228941787791e-05
20795.50048828125 1.2200838920002748e-05
20805.50048828125 1.8662362701135543e-05
20815.50048828125 2.036812944915024e-05
20825.50048828125 1.3771104752753232e-05
20835.50048828125 1.3278078510718221e-05
20845.50048828125 1.550194175265865e-05
20855.50048828125 1.65860878094624e-05
20865.50048828125 1.3499366209298335e-05
20875.50048828125 1.2071019235803839e-05
20885.50048828125 1.8557021591362787e-05
20895.50048828125 1.2356429603904784e-05
20905.50048828125 1.410317847928754e-05
20915.50048828125 1.68512955998668e-05
20925.50048828125 1.8003243249998818e-05
20935.50048828125 1.643102336837251e-05
20945.50048828125 1.917928515949943e-05
20955.50048828125 1.5488538690945686e-05
20965.50048828125 2.2474723580897865e-05
20975.50048828125 1.4410888576484251e-05
20985.50048828125 1.4823228904838037e-05
20995.50048828125 2.0284360322356744e-05
21005.50048828125 1.6006202510456028e-05
21015.50048828125 1.731756898760753e-05
21025.50048828125 1.784678724445965e-05
21035.50048828125 2.010130631688261e-05
21045.50048828125 1.442675274250445e-05
21055.50048828125 1.811368373063343e-05
21065.50048828125 2.2835129073295286e-05
21075.50048828125 1.6363968978960403e-05
21085.50048828125 1.7543148593914938e-05
21095.50048828125 1.8341807698854867e-05
21105.50048828125 2.038398343154018e-05
21115.50048828125 1.5044928932655361e-05
21125.50048828125 1.8910170300248326e-05
21135.50048828125 1.509603812459795e-05
21145.50048828125 1.7708749338855547e-05
21155.50048828125 2.0036311212826935e-05
21165.50048828125 2.1077465825469542e-05
21175.50048828125 1.6100946705856885e-05
21185.50048828125 1.7096835639245507e-05
21195.50048828125 1.728149356324792e-05
21205.50048828125 1.6492571591333222e-05
21215.50048828125 1.6798527126799676e-05
21225.50048828125 2.3297369395623506e-05
21235.50048828125 2.1701028333315065e-05
21245.50048828125 2.1144663097733653e-05
21255.50048828125 1.9682008653816977e-05
21265.50048828125 1.8227457746605675e-05
21275.50048828125 1.7290717480857863e-05
21285.50048828125 1.5193508373991187e-05
21295.50048828125 2.0547540010674457e-05
21305.50048828125 1.4914559888890346e-05
21315.50048828125 1.5855486746441103e-05
21325.50048828125 1.8848854768254972e-05
21335.50048828125 1.7895350286502794e-05
21345.50048828125 1.8667566668022428e-05
21355.50048828125 2.2564302369499454e-05
21365.50048828125 2.2046783352238025e-05
21375.50048828125 2.2854177250296338e-05
21385.50048828125 2.1862966822643343e-05
21395.50048828125 1.434031921134531e-05
21405.50048828125 2.1927248174651608e-05
21415.50048828125 1.7842051727704998e-05
21425.50048828125 2.273539286571524e-05
21435.50048828125 1.8089932593784664e-05
21445.50048828125 1.7101554994060608e-05
21455.50048828125 1.8975051503024973e-05
21465.50048828125 2.3772603587730634e-05
21475.50048828125 1.568600623048565e-05
21485.50048828125 1.848118213199583e-05
21495.50048828125 2.155283496354403e-05
21505.50048828125 1.7214092648800014e-05
21515.50048828125 1.9445501294262076e-05
21525.50048828125 2.4038249686493055e-05
21535.50048828125 1.7689392545846624e-05
21545.50048828125 2.468063403028359e-05
21555.50048828125 2.168510026119131e-05
21565.50048828125 1.9581116360481266e-05
21575.50048828125 1.986556442670139e-05
21585.50048828125 2.0852593740999288e-05
21595.50048828125 1.9097188949676892e-05
21605.50048828125 1.851669901391192e-05
21615.50048828125 2.2401356066625028e-05
21625.50048828125 1.8082568391476478e-05
21635.50048828125 2.0857217888832496e-05
21645.50048828125 1.6184460255736057e-05
21655.50048828125 2.470697602928054e-05
21665.50048828125 2.1810168566684905e-05
21675.50048828125 1.9575160227969078e-05
21685.50048828125 2.1274731750890892e-05
21695.50048828125 1.8608475056235966e-05
21705.50048828125 2.0249200701629505e-05
21715.50048828125 2.809383062069533e-05
21725.50048828125 1.4378359908175111e-05
21735.50048828125 2.3163394720189587e-05
21745.50048828125 2.186798165052411e-05
21755.50048828125 1.827116206852027e-05
21765.50048828125 1.553127169531012e-05
21775.50048828125 2.101195881714891e-05
21785.50048828125 2.034901995995691e-05
21795.50048828125 2.194062493953794e-05
21805.50048828125 1.909877637048716e-05
21815.50048828125 2.010437300125994e-05
21825.50048828125 1.7743738550274488e-05
21835.50048828125 1.956924229321774e-05
21845.50048828125 2.2847378745368445e-05
21855.50048828125 2.37855643023498e-05
21865.50048828125 1.400723788031504e-05
21875.50048828125 1.676491725770033e-05
21885.50048828125 2.1577649230321095e-05
21895.50048828125 2.2534491197410073e-05
21905.50048828125 1.73314099112776e-05
21915.50048828125 1.976353520141054e-05
21925.50048828125 2.218254522350652e-05
21935.50048828125 2.3117799063253552e-05
21945.50048828125 1.9078626268192435e-05
21955.50048828125 1.6823301711885488e-05
21965.50048828125 1.9460343224770494e-05
21975.50048828125 1.849830708473488e-05
21985.50048828125 2.1248395218718443e-05
21995.50048828125 1.9021441826854318e-05
22005.50048828125 2.9791021618996384e-05
22015.50048828125 2.250450329606055e-05
22025.50048828125 3.247113246739914e-05
22035.50048828125 1.737045094046797e-05
22045.50048828125 2.486617285572381e-05
22055.50048828125 2.8048394648775722e-05
22065.50048828125 2.4668660628170923e-05
22075.50048828125 2.5581226276133384e-05
22085.50048828125 2.8051083260689555e-05
22095.50048828125 1.905201677830015e-05
22105.50048828125 2.552767257176278e-05
22115.50048828125 3.2413433485898994e-05
22125.50048828125 2.8691501415142724e-05
22135.50048828125 2.7104222694757542e-05
22145.50048828125 2.8430709491707667e-05
22155.50048828125 2.569925108225194e-05
22165.50048828125 2.7329171062431092e-05
22175.50048828125 2.1081486148345633e-05
22185.50048828125 3.123076468885738e-05
22195.50048828125 2.8094001983671778e-05
22205.50048828125 2.2218765794746812e-05
22215.50048828125 2.663093959327219e-05
22225.50048828125 2.6771124032655218e-05
22235.50048828125 3.3286072310123146e-05
22245.50048828125 2.4356282459133027e-05
22255.50048828125 3.013061080353828e-05
22265.50048828125 2.5445735739633715e-05
22275.50048828125 2.7612363102310195e-05
22285.50048828125 2.4680622578226065e-05
22295.50048828125 2.399155006115185e-05
22305.50048828125 3.5355559591538325e-05
22315.50048828125 2.932092464395097e-05
22325.50048828125 2.6402973282385132e-05
22335.50048828125 3.20268646106791e-05
22345.50048828125 2.283342390779515e-05
22355.50048828125 3.2309865158985555e-05
22365.50048828125 3.735823023098132e-05
22375.50048828125 2.79489420196852e-05
22385.50048828125 2.899385441138073e-05
22395.50048828125 3.957602903662648e-05
22405.50048828125 2.9873724597162006e-05
22415.50048828125 3.227714765494423e-05
22425.50048828125 3.831753936340642e-05
22435.50048828125 3.293663857306807e-05
22445.50048828125 3.794531935224283e-05
22455.50048828125 4.080282562471597e-05
22465.50048828125 3.407139451886622e-05
22475.50048828125 3.080184495596996e-05
22485.50048828125 3.7779215622976876e-05
22495.50048828125 3.0429444300953406e-05
22505.50048828125 3.919196708577639e-05
22515.50048828125 3.106143694325123e-05
22525.50048828125 3.352368597957961e-05
22535.50048828125 4.015852549463963e-05
22545.50048828125 3.05764033702873e-05
22555.50048828125 3.953491640979319e-05
22565.50048828125 4.5216626219727395e-05
22575.50048828125 4.6355615368542594e-05
22585.50048828125 2.8801717010839195e-05
22595.50048828125 3.379160549561873e-05
22605.50048828125 4.041795927806656e-05
22615.50048828125 4.140876636982615e-05
22625.50048828125 2.8825705095981116e-05
22635.50048828125 3.6908447832566156e-05
22645.50048828125 4.004679814938864e-05
22655.50048828125 3.472550712457082e-05
22665.50048828125 3.604049594368548e-05
22675.50048828125 3.9359127762635494e-05
22685.50048828125 3.4673630405529615e-05
22695.50048828125 3.06977689544583e-05
22705.50048828125 2.775305385397372e-05
22715.50048828125 3.890347496496599e-05
22725.50048828125 4.046603671608934e-05
22735.50048828125 2.928315912903626e-05
22745.50048828125 3.3377029604911854e-05
22755.50048828125 2.958914185848351e-05
22765.50048828125 2.650440269064543e-05
22775.50048828125 3.888837168302207e-05
22785.50048828125 2.4044184656751375e-05
22795.50048828125 2.9098634358997407e-05
22805.50048828125 2.728724899400129e-05
22815.50048828125 2.7444882436266792e-05
22825.50048828125 2.430759776658419e-05
22835.50048828125 2.629649439126923e-05
22845.50048828125 2.0935462549711358e-05
22855.50048828125 2.3153631506464987e-05
22865.50048828125 1.8826462435359393e-05
22875.50048828125 2.59808851750522e-05
22885.50048828125 2.4727467420639197e-05
22895.50048828125 2.0908322727701473e-05
22905.50048828125 2.0677024084325855e-05
22915.50048828125 1.8706403339664917e-05
22925.50048828125 2.1094449209411078e-05
22935.50048828125 2.167849287312388e-05
22945.50048828125 1.9227732703999e-05
22955.50048828125 1.8692798952520102e-05
22965.50048828125 1.9976270608650698e-05
22975.50048828125 1.6987246106869156e-05
22985.50048828125 1.7971991511204298e-05
22995.50048828125 1.6178781302771456e-05
23005.50048828125 1.880989780231345e-05
23015.50048828125 1.5100150527135062e-05
23025.50048828125 1.638409163044959e-05
23035.50048828125 1.6014062592296075e-05
23045.50048828125 1.5687051465196123e-05
23055.50048828125 1.2444476118923487e-05
23065.50048828125 1.616267649645364e-05
23075.50048828125 1.4850636142658632e-05
23085.50048828125 1.4903849207134303e-05
23095.50048828125 1.3644115185585921e-05
23105.50048828125 1.5078810305302593e-05
23115.50048828125 1.3511104534727832e-05
23125.50048828125 9.57248637722844e-06
23135.50048828125 1.3027724027751376e-05
23145.50048828125 1.3596000012873242e-05
23155.50048828125 1.0395919350103459e-05
23165.50048828125 1.0868302694408772e-05
23175.50048828125 1.2750966047504644e-05
23185.50048828125 1.0518617520457363e-05
23195.50048828125 1.0603384798362075e-05
23205.50048828125 1.066105890096871e-05
23215.50048828125 1.3093193979593921e-05
23225.50048828125 8.700327196538657e-06
23235.50048828125 9.898783623080092e-06
23245.50048828125 9.93390522739616e-06
23255.50048828125 9.689666795222852e-06
23265.50048828125 8.844099355114216e-06
23275.50048828125 7.890770907512947e-06
23285.50048828125 8.160144296878157e-06
23295.50048828125 7.891028263590739e-06
23305.50048828125 8.86488082908272e-06
23315.50048828125 7.143662229093767e-06
23325.50048828125 7.325055079840532e-06
23335.50048828125 6.714182049430828e-06
23345.50048828125 6.389020381164308e-06
23355.50048828125 5.647293102747938e-06
23365.50048828125 6.703580202872231e-06
23375.50048828125 6.255124468823015e-06
23385.50048828125 5.797935064847484e-06
23395.50048828125 4.62833466359586e-06
23405.50048828125 4.966401741012322e-06
23415.50048828125 5.609974133080764e-06
23425.50048828125 5.057099121053112e-06
23435.50048828125 4.309611164768676e-06
23445.50048828125 5.456591314419711e-06
23455.50048828125 5.377138888283189e-06
23465.50048828125 5.2361174636773274e-06
23475.50048828125 5.135148811701499e-06
23485.50048828125 6.077660465481008e-06
23495.50048828125 4.84518293974465e-06
23505.50048828125 4.150513208995195e-06
23515.50048828125 5.995479013586552e-06
23525.50048828125 5.5386939586055425e-06
23535.50048828125 6.167121704677621e-06
23545.50048828125 4.254467355228768e-06
23555.50048828125 5.256847407386035e-06
23565.50048828125 4.891468492252992e-06
23575.50048828125 4.744965233643848e-06
23585.50048828125 5.441069654213328e-06
23595.50048828125 5.094167104810475e-06
23605.50048828125 4.61791693492856e-06
23615.50048828125 4.672399844402192e-06
23625.50048828125 4.255683293180234e-06
23635.50048828125 4.219318706600851e-06
23645.50048828125 4.0384390123599e-06
23655.50048828125 3.439915031654369e-06
23665.50048828125 3.2741881706202865e-06
23675.50048828125 3.120350421114552e-06
23685.50048828125 2.975304683052789e-06
23695.50048828125 2.669182619381981e-06
23705.50048828125 2.326962183570333e-06
23715.50048828125 2.0282998695990433e-06
23725.50048828125 1.8491686899343415e-06
23735.50048828125 1.5608693007299503e-06
23745.50048828125 1.3068027800877779e-06
23755.50048828125 1.6304795742078285e-06
23765.50048828125 1.542477618466657e-06
23775.50048828125 1.4871104340614752e-06
23785.50048828125 1.4903285836240564e-06
23795.50048828125 1.5232890247027164e-06
23805.50048828125 1.5443417865998517e-06
23815.50048828125 1.390024767479715e-06
23825.50048828125 1.35488188178007e-06
23835.50048828125 1.251260424716288e-06
23845.50048828125 1.2241782637966085e-06
23855.50048828125 1.1822160941329554e-06
23865.50048828125 1.1264162675978083e-06
23875.50048828125 1.1261272412052765e-06
23885.50048828125 1.075972563613421e-06
23895.50048828125 1.0133273256818546e-06
23905.50048828125 9.855095943091916e-07
23915.50048828125 9.391736979770004e-07
23925.50048828125 9.328442179907875e-07
23935.50048828125 8.794372728732254e-07
23945.50048828125 8.565507159945737e-07
23955.50048828125 7.623118956134475e-07
23965.50048828125 7.364285248993805e-07
23975.50048828125 7.452594995047751e-07
23985.50048828125 6.973941208318689e-07
23995.50048828125 6.277468123575576e-07
24005.50048828125 6.24464157262335e-07
24015.50048828125 5.62138913520117e-07
24025.50048828125 5.492003598452441e-07
24035.50048828125 4.914869576168853e-07
24045.50048828125 4.53866116191721e-07
24055.50048828125 4.310821860988087e-07
24065.50048828125 4.0939179342670654e-07
24075.50048828125 3.497252768108821e-07
24085.50048828125 3.367181618092844e-07
24095.50048828125 3.0799542708061063e-07
24105.50048828125 2.730752197493589e-07
24115.50048828125 2.5323873797580994e-07
24125.50048828125 2.2868106960599074e-07
24135.50048828125 1.99689431563399e-07
24145.50048828125 1.8181660253118186e-07
24155.50048828125 1.6354486535671206e-07
24165.50048828125 1.4639656609546932e-07
24175.50048828125 1.314362427464489e-07
24185.50048828125 1.200034964273379e-07
24195.50048828125 1.0711777272204474e-07
24205.50048828125 9.5314983360054e-08
24215.50048828125 8.63616569421204e-08
24225.50048828125 7.726750887114005e-08
24235.50048828125 6.935229751294166e-08
24245.50048828125 6.230381382933228e-08
24255.50048828125 5.648168726413375e-08
24265.50048828125 5.179051223965696e-08
24275.50048828125 4.742608871632218e-08
24285.50048828125 4.324139928541371e-08
24295.50048828125 3.811583259662203e-08
24305.50048828125 3.675421446134538e-08
24315.50048828125 3.2658752192097036e-08
24325.50048828125 2.9908179411176116e-08
24335.50048828125 2.7941085363064956e-08
24345.50048828125 2.540393817303854e-08
24355.50048828125 2.3474499378607395e-08
24365.50048828125 2.114932988035181e-08
24375.50048828125 1.986606257763186e-08
24385.50048828125 1.8099457174262314e-08
24395.50048828125 1.638062429287836e-08
24405.50048828125 1.523543778103986e-08
24415.50048828125 1.3687204307400448e-08
24425.50048828125 1.2717095267608914e-08
24435.50048828125 1.1198326901869561e-08
24445.50048828125 1.046403007442417e-08
24455.50048828125 9.259097702730755e-09
24465.50048828125 8.488641243927766e-09
24475.50048828125 7.710716190562945e-09
24485.50048828125 6.767895871650817e-09
24495.50048828125 6.160873995280456e-09
24505.50048828125 5.766798570186665e-09
24515.50048828125 5.432992518651509e-09
24525.50048828125 4.966112584948508e-09
24535.50048828125 4.479194891300953e-09
24545.50048828125 4.099846603755424e-09
24555.50048828125 3.869330649085468e-09
24565.50048828125 3.4373101897744645e-09
24575.50048828125 3.228290790328763e-09
24585.50048828125 3.008609767666521e-09
24595.50048828125 2.7153126468786396e-09
24605.50048828125 2.5474023972144755e-09
24615.50048828125 2.3289813005882755e-09
24625.50048828125 2.159457747995572e-09
24635.50048828125 1.9860711254212383e-09
24645.50048828125 1.8457650114773175e-09
24655.50048828125 1.7450946522782182e-09
24665.50048828125 1.6093379954510477e-09
24675.50048828125 1.5095583118300358e-09
24685.50048828125 1.4121951594025087e-09
24695.50048828125 1.2956816388210733e-09
24705.50048828125 1.2064843183276434e-09
24715.50048828125 1.1492268522325011e-09
24725.50048828125 1.0635818941260612e-09
24735.50048828125 1.0002166168373294e-09
24745.50048828125 9.45237508996441e-10
24755.50048828125 8.804472568236963e-10
24765.50048828125 8.425601507342581e-10
24775.50048828125 7.949231587829963e-10
24785.50048828125 7.552306366171008e-10
24795.50048828125 7.175378609232936e-10
24805.50048828125 6.827106495512095e-10
24815.50048828125 6.573443532886925e-10
24825.50048828125 6.236926943097968e-10
24835.50048828125 5.899730666470418e-10
24845.50048828125 5.687309884697772e-10
24855.50048828125 5.540788077988983e-10
24865.50048828125 5.28128623475504e-10
24875.50048828125 5.073021502725014e-10
24885.50048828125 4.945237291938803e-10
24895.50048828125 4.824768643702734e-10
24905.50048828125 4.642027103602708e-10
24915.50048828125 4.476699711951074e-10
24925.50048828125 4.360533480753924e-10
24935.50048828125 4.225911270408284e-10
24945.50048828125 4.0569294291310935e-10
24955.50048828125 3.9663455014607287e-10
24965.50048828125 3.837725433213955e-10
24975.50048828125 3.729210766011698e-10
24985.50048828125 3.6260078577978663e-10
24995.50048828125 3.532027265086838e-10
25005.50048828125 3.4569097163795027e-10
25015.50048828125 3.336608965394613e-10
25025.50048828125 3.2682684475558633e-10
25035.50048828125 3.1842275485406145e-10
25045.50048828125 3.108272868235441e-10
25055.50048828125 3.0294188997903535e-10
25065.50048828125 2.9365678150555833e-10
25075.50048828125 2.8734472659308226e-10
25085.50048828125 2.795983611939104e-10
25095.50048828125 2.716715413767601e-10
25105.50048828125 2.637512452901414e-10
25115.50048828125 2.5619188808825063e-10
25125.50048828125 2.493958089592795e-10
25135.50048828125 2.402549724806763e-10
25145.50048828125 2.3225045135709571e-10
25155.50048828125 2.2417395406842418e-10
25165.50048828125 2.1611181499624704e-10
25175.50048828125 2.0852493583895996e-10
25185.50048828125 2.0047252253597775e-10
25195.50048828125 1.921303415602778e-10
25205.50048828125 1.8405958037951114e-10
25215.50048828125 1.767253572558195e-10
25225.50048828125 1.6920692163315284e-10
25235.50048828125 1.6073389031620699e-10
25245.50048828125 1.5322648739282574e-10
25255.50048828125 1.459724889160573e-10
25265.50048828125 1.3881860760403202e-10
25275.50048828125 1.3168899568620353e-10
25285.50048828125 1.2469562982432161e-10
25295.50048828125 1.1815439527237593e-10
25305.50048828125 1.1161734486202093e-10
25315.50048828125 1.0634852456270504e-10
25325.50048828125 1.0052578435870523e-10
25335.50048828125 9.509869955541129e-11
25345.50048828125 9.023753112005747e-11
25355.50048828125 8.56594789424933e-11
25365.50048828125 8.151326885306027e-11
25375.50048828125 7.76209077042553e-11
25385.50048828125 7.414093252392035e-11
25395.50048828125 7.115440732456631e-11
25405.50048828125 6.76330881448476e-11
25415.50048828125 6.474378951186295e-11
25425.50048828125 6.1060639110415e-11
25435.50048828125 5.838798256169815e-11
25445.50048828125 5.568555039795841e-11
25455.50048828125 5.3341066259548824e-11
25465.50048828125 5.1077892742223235e-11
25475.50048828125 4.9360060759454044e-11
25485.50048828125 4.776039482100672e-11
25495.50048828125 4.552751823285295e-11
25505.50048828125 4.4046710330489215e-11
25515.50048828125 4.279300019227661e-11
25525.50048828125 4.13897872369455e-11
25535.50048828125 4.015306331588392e-11
25545.50048828125 3.906542502828758e-11
25555.50048828125 3.7620802556156325e-11
25565.50048828125 3.651198762692727e-11
25575.50048828125 3.534624807240271e-11
25585.50048828125 3.436273478750934e-11
25595.50048828125 3.337621057884924e-11
25605.50048828125 3.255229542969238e-11
25615.50048828125 3.097633113522664e-11
25625.50048828125 2.9898905377754783e-11
25635.50048828125 2.8423971479400187e-11
25645.50048828125 2.7352025299186805e-11
25655.50048828125 2.588539049254134e-11
25665.50048828125 2.4657347322621308e-11
25675.50048828125 2.3253545444454116e-11
25685.50048828125 2.168239145018396e-11
25695.50048828125 2.037368951012758e-11
25705.50048828125 1.875103824460727e-11
25715.50048828125 1.7466510504864227e-11
25725.50048828125 1.610494981638276e-11
25735.50048828125 1.470867920979913e-11
25745.50048828125 1.3433777616926327e-11
25755.50048828125 1.2166389265243352e-11
25765.50048828125 1.1002795782253235e-11
25775.50048828125 9.861693926456379e-12
25785.50048828125 8.806297792272091e-12
25795.50048828125 7.807616855347011e-12
25805.50048828125 6.998046264238672e-12
25815.50048828125 6.142866919030797e-12
25825.50048828125 5.402726480547504e-12
25835.50048828125 4.721872284070865e-12
25845.50048828125 4.137396380527414e-12
25855.50048828125 3.583390308992478e-12
25865.50048828125 3.0926714955213316e-12
25875.50048828125 2.697070150825375e-12
25885.50048828125 2.320759334714606e-12
25895.50048828125 2.016216845209345e-12
25905.50048828125 1.732680723538715e-12
25915.50048828125 1.4816689206006975e-12
25925.50048828125 1.2822551475877267e-12
25935.50048828125 1.1019137377818818e-12
25945.50048828125 9.407682199685485e-13
25955.50048828125 8.150488884975902e-13
25965.50048828125 6.995123231195122e-13
25975.50048828125 6.057924980002467e-13
25985.50048828125 5.29262449618191e-13
