5502.000122070313 4.263059726353874e-10
5512.000122070313 2.891132811480117e-10
5522.000122070313 4.4205211938415806e-10
5532.000122070313 6.291159557732231e-10
5542.000122070313 6.791275087200021e-10
5552.000122070313 5.575702220569172e-10
5562.000122070313 5.271518101881557e-10
5572.000122070313 5.925066061849124e-10
5582.000122070313 3.4520990416512245e-10
5592.000122070313 1.7375639308420234e-10
5602.000122070312 2.333864438795359e-10
5612.000122070312 2.3553868369493557e-10
5622.000122070312 3.2795182674784205e-10
5632.000122070312 2.7444495090678425e-10
5642.000122070312 5.041299430134588e-10
5652.000122070312 8.58587480728633e-10
5662.000122070312 1.069939912871279e-09
5672.000122070312 1.6983581252089489e-09
5682.000122070312 1.8600622133660967e-09
5692.000122070312 2.513255848983951e-09
5702.000122070312 1.7697649411343866e-09
5712.000122070312 1.576004782150231e-09
5722.000122070312 9.845885826926568e-10
5732.000122070312 1.867783891987182e-09
5742.000122070312 2.1277482651824366e-09
5752.000122070312 1.760014596773926e-09
5762.000122070312 2.6767264445476355e-09
5772.000122070312 2.226157291107937e-09
5782.000122070312 2.8635749029788513e-09
5792.000122070312 1.5796586956810054e-09
5802.000122070312 2.2951830841345175e-09
5812.000122070312 1.786330446391047e-09
5822.000122070312 2.574152797507245e-09
5832.000122070312 2.678968451141368e-09
5842.000122070312 3.3149313186089166e-09
5852.000122070312 4.714588851804493e-09
5862.000122070312 6.073405044403716e-09
5872.000122070312 7.490750916623024e-09
5882.000122070312 5.9553576200408385e-09
5892.000122070312 6.216940672655134e-09
5902.000122070312 7.731740193743281e-09
5912.000122070312 9.119481671311762e-09
5922.000122070312 9.334468872270408e-09
5932.000122070312 8.605319001670115e-09
5942.000122070312 1.1229987677855597e-08
5952.000122070312 1.2443203554973929e-08
5962.000122070312 1.2463905668339189e-08
5972.000122070312 1.0961056589556371e-08
5982.000122070312 1.244245112095309e-08
5992.000122070312 1.535786371223475e-08
6002.000122070312 1.88277821062621e-08
6012.000122070312 3.15716061084466e-08
6022.000122070312 5.62892280875802e-08
6032.000122070312 9.129602284692694e-08
6042.000122070312 1.2155318787136664e-07
6052.000122070312 1.4553517479700293e-07
6062.000122070312 1.6142417258809092e-07
6072.000122070312 1.714276261205133e-07
6082.000122070312 1.7290369665800577e-07
6092.000122070312 1.7065495809068652e-07
6102.000122070312 1.803024138880443e-07
6112.000122070312 2.1552050678186048e-07
6122.000122070312 2.8033318937155915e-07
6132.000122070312 3.696948750717555e-07
6142.000122070312 4.7062745360222354e-07
6152.000122070312 5.517291638946808e-07
6162.000122070312 5.880345761597512e-07
6172.000122070312 5.851626395126846e-07
6182.000122070312 6.001478894270884e-07
6192.000122070312 6.995975732506142e-07
6202.000122070312 9.332017472433511e-07
6212.000122070312 1.280703952483308e-06
6222.000122070312 1.660122221463673e-06
6232.000122070313 1.941755315871215e-06
6242.000122070313 2.031856452266888e-06
6252.000122070313 1.90457497883183e-06
6262.000122070313 1.6012537273954638e-06
6272.000122070313 1.2339361250484768e-06
6282.000122070313 8.988178539935845e-07
6292.000122070313 6.691671110861722e-07
6302.000122070313 5.347509882634836e-07
6312.000122070313 4.5624970515428055e-07
6322.000122070313 4.0217575761110704e-07
6332.000122070313 3.6376662589724164e-07
6342.000122070313 3.4466431216970113e-07
6352.000122070313 3.4130323296092943e-07
6362.000122070313 3.4415344371289206e-07
6372.000122070313 3.420227876172497e-07
6382.000122070313 3.182428639102661e-07
6392.000122070313 2.800952043433322e-07
6402.000122070313 2.3254984304076594e-07
6412.000122070313 1.8904911550402805e-07
6422.000122070313 1.5262292388511106e-07
6432.000122070313 1.2557421763464058e-07
6442.000122070313 1.0799077069273783e-07
6452.000122070313 9.508100775217169e-08
6462.000122070313 9.336968972090907e-08
6472.000122070313 9.53736588066937e-08
6482.000122070313 9.648393470510602e-08
6492.000122070313 9.41687068100968e-08
6502.000122070313 9.268726051937866e-08
6512.000122070313 1.0018541694833522e-07
6522.000122070313 9.687326577450903e-08
6532.000122070313 9.415111286484994e-08
6542.000122070313 9.197726068295726e-08
6552.000122070313 9.775972612207657e-08
6562.000122070313 1.0938651024192016e-07
6572.000122070313 1.1184635188269601e-07
6582.000122070313 1.0474591032016773e-07
6592.000122070313 9.649626896123685e-08
6602.000122070313 9.620309566855684e-08
6612.000122070313 1.0357599631674282e-07
6622.000122070313 1.1306511439550956e-07
6632.000122070313 1.1566918012566284e-07
6642.000122070313 1.2235365427163171e-07
6652.000122070313 1.240798260456252e-07
6662.000122070313 1.2641635000467926e-07
6672.000122070313 1.3661281547848235e-07
6682.000122070313 1.5058857326646347e-07
6692.000122070313 1.6176907853418076e-07
6702.000122070313 1.5818852824468002e-07
6712.000122070313 1.5376917005890234e-07
6722.000122070313 1.5413473670435318e-07
6732.000122070313 1.555896568447629e-07
6742.000122070313 1.566404059929178e-07
6752.000122070313 1.6066617455088245e-07
6762.000122070313 1.6993309105133798e-07
6772.000122070313 1.7046975971194807e-07
6782.000122070313 1.6650499495076e-07
6792.000122070313 1.6511858207923377e-07
6802.000122070313 1.6524915019614728e-07
6812.000122070313 1.5660880030206625e-07
6822.000122070313 1.535358607198059e-07
6832.000122070313 1.4049114320868965e-07
6842.000122070313 1.3620819812505415e-07
6852.000122070312 1.2705078240557626e-07
6862.000122070312 1.2951272018996248e-07
6872.000122070312 1.387391698303556e-07
6882.000122070312 1.5583640962393002e-07
6892.000122070312 1.7477659147157202e-07
6902.000122070312 1.753290271467484e-07
6912.000122070312 1.736291193070822e-07
6922.000122070312 1.6118871779490769e-07
6932.000122070312 1.6731446655104457e-07
6942.000122070312 1.6887278450689116e-07
6952.000122070312 1.6864145067099512e-07
6962.000122070312 1.601872331460977e-07
6972.000122070312 1.4461679576619316e-07
6982.000122070312 1.3803639470467575e-07
6992.000122070312 1.343819137390801e-07
7002.000122070312 1.3123453520189044e-07
7012.000122070312 1.4131016345755904e-07
7022.000122070312 1.4409968401989918e-07
7032.000122070312 1.5239565562518525e-07
7042.000122070312 1.4848417023372728e-07
7052.000122070312 1.55415146030719e-07
7062.000122070312 1.5217571375701687e-07
7072.000122070312 1.4816960495199754e-07
7082.000122070312 1.4622332922862978e-07
7092.000122070312 1.627123774410019e-07
7102.000122070312 1.7802226743538025e-07
7112.000122070312 1.683466303559247e-07
7122.000122070312 1.5555503242037772e-07
7132.000122070312 1.379042009764226e-07
7142.000122070312 1.3686106671934964e-07
7152.000122070312 1.1453529418359219e-07
7162.000122070312 9.86190787609372e-08
7172.000122070312 1.0048554015378202e-07
7182.000122070312 1.0221810789481434e-07
7192.000122070312 1.1529427280708164e-07
7202.000122070312 1.1936756320390885e-07
7212.000122070312 1.5033375638573845e-07
7222.000122070312 1.4988714439392479e-07
7232.000122070312 1.4751825903909425e-07
7242.000122070312 1.151398694082939e-07
7252.000122070312 1.1606219107519097e-07
7262.000122070312 1.1362841637986373e-07
7272.000122070312 1.3532660413946678e-07
7282.000122070312 1.3579442169147248e-07
7292.000122070312 1.396651807743815e-07
7302.000122070312 1.513515399018623e-07
7312.000122070312 1.6215135215993347e-07
7322.000122070312 1.7803373577814332e-07
7332.000122070312 1.7294180860584742e-07
7342.000122070312 1.883659029411231e-07
7352.000122070312 1.8355995097941024e-07
7362.000122070312 1.914778596320919e-07
7372.000122070312 1.8334495530300727e-07
7382.000122070312 1.7886297602617035e-07
7392.000122070312 1.657009360645382e-07
7402.000122070312 1.4926017978488483e-07
7412.000122070312 1.6213233640206334e-07
7422.000122070312 1.7032982281987589e-07
7432.000122070312 1.6526352972484448e-07
7442.000122070312 1.3108412075687015e-07
7452.000122070312 9.30553368868528e-08
7462.000122070312 8.825923430055112e-08
7472.000122070312 1.0593887835190446e-07
7482.000122070313 1.3539535114097493e-07
7492.000122070313 1.4088350187270323e-07
7502.000122070313 1.629690049599766e-07
7512.000122070313 1.6707711920701516e-07
7522.000122070313 1.9366768641937825e-07
7532.000122070313 1.474965150494651e-07
7542.000122070313 1.4770158416340108e-07
7552.000122070313 1.4396803971629669e-07
7562.000122070313 1.7516999947608535e-07
7572.000122070313 1.8919007126047418e-07
7582.000122070313 1.9159415363397162e-07
7592.000122070313 1.7762756771692657e-07
7602.000122070313 1.6884910205017363e-07
7612.000122070313 1.4759729869190555e-07
7622.000122070313 1.4368444634791869e-07
7632.000122070313 1.3943348602561514e-07
7642.000122070313 1.42674608653204e-07
7652.000122070313 1.5659409828482816e-07
7662.000122070313 1.4658495457099357e-07
7672.000122070313 1.3930743911882757e-07
7682.000122070313 1.3497624502863307e-07
7692.000122070313 1.5027221077404304e-07
7702.000122070313 1.6355921202305564e-07
7712.000122070313 1.7571691608749705e-07
7722.000122070313 1.4541598076810945e-07
7732.000122070313 1.0993219256195645e-07
7742.000122070313 8.708594959092183e-08
7752.000122070313 1.4489472384669334e-07
7762.000122070313 1.4516524255784385e-07
7772.000122070313 1.5247879135644812e-07
7782.000122070313 7.526173773560351e-08
7792.000122070313 1.2319947507449847e-07
7802.000122070313 1.6927084103016304e-07
7812.000122070313 1.9245596853197047e-07
7822.000122070313 1.8062771747200607e-07
7832.000122070313 1.19895060285754e-07
7842.000122070313 9.946354622748284e-08
7852.000122070313 8.452599271354436e-08
7862.000122070313 6.340303397529363e-08
7872.000122070313 7.904488937446125e-08
7882.000122070313 5.723574961800249e-08
7892.000122070313 6.418985606206212e-08
7902.000122070313 3.249378646796019e-08
7912.000122070313 2.3211187999465253e-08
7922.000122070313 1.969490151916093e-08
7932.000122070313 4.9116227234842675e-08
7942.000122070313 4.51860637785865e-08
7952.000122070313 5.918575200388199e-08
7962.000122070313 9.67646666101748e-08
7972.000122070313 9.696411773153795e-08
7982.000122070313 7.139289846792261e-08
7992.000122070313 1.0473257713099121e-08
8002.000122070313 8.94895733465777e-09
8012.000122070313 7.934353058971264e-09
8022.000122070313 2.183762201713823e-09
8032.000122070313 8.419653372513198e-10
8042.000122070313 1.5044089044455046e-09
8052.000122070313 6.920943151765575e-10
8062.000122070313 6.960421595161826e-10
8072.000122070313 1.0366344232250186e-08
8082.000122070313 1.0395627878934537e-08
8092.000122070313 1.0420802090087907e-08
8102.000122070312 9.14990442506235e-09
8112.000122070312 1.7756450721513773e-08
8122.000122070312 4.2297095880444915e-08
8132.000122070312 3.8247055685729756e-08
8142.000122070312 2.9672475766492203e-08
8152.000122070312 5.0952425533119045e-09
8162.000122070312 1.5596518745310953e-08
8172.000122070312 1.8235381362067055e-08
8182.000122070312 2.0559449041210773e-08
8192.000122070312 4.965687613803276e-09
8202.000122070312 2.3366875847630053e-09
8212.000122070312 7.801805191539041e-09
8222.000122070312 7.810606343437734e-09
8232.000122070312 2.085370687625971e-08
8242.000122070312 2.102844670763057e-08
8252.000122070312 3.3599803476782336e-08
8262.000122070312 4.1385365393313076e-08
8272.000122070312 3.4445652452703744e-08
8282.000122070312 3.0006487560667715e-08
8292.000122070312 1.4017666628641153e-08
8302.000122070312 3.15503548060599e-08
8312.000122070312 3.4423763415193764e-08
8322.000122070312 3.250496422070019e-08
8332.000122070312 4.4008836203207725e-08
8342.000122070312 4.191686318034509e-08
8352.000122070312 3.953724047618022e-08
8362.000122070312 1.9385686522894152e-08
8372.000122070312 2.065383955757649e-08
8382.000122070312 2.1244994184039614e-08
8392.000122070312 2.9762151612629063e-08
8402.000122070312 2.8882696600555247e-08
8412.000122070312 4.6310016881637374e-08
8422.000122070312 2.7821801518166035e-08
8432.000122070312 2.1580077392315922e-08
8442.000122070312 3.0389147177649726e-09
8452.000122070312 3.0438304483677985e-09
8462.000122070312 1.3609523758047518e-08
8472.000122070312 2.6100209694152976e-08
8482.000122070312 2.6124919348337222e-08
8492.000122070312 3.7214707095092037e-08
8502.000122070312 2.478106718635135e-08
8512.000122070312 3.422637187264944e-08
8522.000122070312 2.9621272751978174e-08
8532.000122070312 2.968285507783312e-08
8542.000122070312 2.026541108632023e-08
8552.000122070312 3.011035828946291e-11
8562.000122070312 1.7215873422566158e-08
8572.000122070312 1.7251696326398227e-08
8582.000122070312 1.7278621844345703e-08
8592.000122070312 2.465862633456571e-08
8602.000122070312 2.4700488874696193e-08
8612.000122070312 4.166784587705225e-08
8622.000122070312 2.5932804113968305e-08
8632.000122070312 2.9077779576280636e-08
8642.000122070312 1.2078901941246096e-08
8652.000122070312 3.140930929682939e-09
8662.000122070312 1.8105610512167185e-08
8672.000122070312 2.196795893759615e-08
8682.000122070312 2.1975826257109124e-08
8692.000122070312 2.1654582122321044e-08
8702.000122070312 3.693089997773996e-08
8712.000122070312 9.732885739615307e-08
8722.000122070312 1.0878184056173915e-07
8732.000122070313 8.965697399727155e-08
8742.000122070313 2.9173498493032113e-08
8752.000122070313 4.535458960975962e-08
8762.000122070313 4.540442011772445e-08
8772.000122070313 7.167088414348412e-08
8782.000122070313 2.6248480787007546e-08
8792.000122070313 7.84562056947937e-08
8802.000122070313 5.225541508827249e-08
8812.000122070313 1.3715841519801961e-07
8822.000122070313 8.481724430850422e-08
8832.000122070313 8.485566893366178e-08
8842.000122070313 3.105879576716946e-11
8852.000122070313 2.453203878250226e-08
8862.000122070313 9.396551313769936e-08
8872.000122070313 1.3489323675013097e-07
8882.000122070313 1.103994520622368e-07
8892.000122070313 4.0908586066874965e-08
8902.000122070313 7.496474377475237e-08
8912.000122070313 7.516108955974495e-08
8922.000122070313 7.524631381311998e-08
8932.000122070313 3.1415948014317824e-11
8942.000122070313 3.146223883211398e-11
8952.000122070313 1.7504111389670658e-07
8962.000122070313 5.405592686331624e-07
8972.000122070313 5.403957249639295e-07
8982.000122070313 3.8916954288670455e-07
8992.000122070313 4.098989865732732e-08
9002.000122070313 7.888115001375565e-08
9012.000122070313 6.552737000557413e-08
9022.000122070313 7.180804544522665e-08
9032.000122070313 3.99845794009316e-08
9042.000122070313 6.478077924910054e-08
9052.000122070313 5.757780996319036e-08
9062.000122070313 5.1609896912594135e-08
9072.000122070313 6.580383991275362e-08
9082.000122070313 8.470417606590667e-08
9092.000122070313 9.485746989765197e-08
9102.000122070313 6.52037639270024e-08
9112.000122070313 3.106845856714699e-08
9122.000122070313 2.5593165930602825e-08
9132.000122070313 2.852719172046004e-08
9142.000122070313 4.927170848997384e-08
9152.000122070313 6.218106527285358e-08
9162.000122070313 4.7191615278212984e-08
9172.000122070313 4.65920086845524e-08
9182.000122070313 2.9164668878153183e-08
9192.000122070313 6.888991619966741e-08
9202.000122070313 4.758077995985547e-08
9212.000122070313 9.296482784513245e-08
9222.000122070313 7.00968103068723e-08
9232.000122070313 7.00498074876711e-08
9242.000122070313 4.1614249641407707e-08
9252.000122070313 3.7152364868684735e-08
9262.000122070313 5.18696754564577e-08
9272.000122070313 4.341991911166881e-08
9282.000122070313 5.1908882986457304e-08
9292.000122070313 3.721461400991657e-08
9302.000122070313 6.185350198952968e-08
9312.000122070313 4.8174375690003033e-08
9322.000122070313 8.834590466055524e-08
9332.000122070313 8.487810069551463e-08
9342.000122070313 8.809417573906148e-08
9352.000122070312 5.5595008979499733e-08
9362.000122070312 2.7682587996923915e-08
9372.000122070312 4.256084871733969e-08
9382.000122070312 3.653892590343703e-08
9392.000122070312 5.771430480111378e-08
9402.000122070312 4.0400976816180935e-08
9412.000122070312 8.498846592617638e-08
9422.000122070312 7.349411844390196e-08
9432.000122070312 6.700706047751164e-08
9442.000122070312 6.806595738644544e-08
9452.000122070312 1.0778314155295609e-07
9462.000122070312 1.4023637606439036e-07
9472.000122070312 1.6652773158663027e-07
9482.000122070312 1.537174122332391e-07
9492.000122070312 1.9504947031699448e-07
9502.000122070312 1.934476487196986e-07
9512.000122070312 2.3903548915239435e-07
9522.000122070312 2.6006136293837685e-07
9532.000122070312 2.4321300589283203e-07
9542.000122070312 2.5082822118805633e-07
9552.000122070312 2.578412720016516e-07
9562.000122070312 3.403564729248477e-07
9572.000122070312 4.1466642824370155e-07
9582.000122070312 5.344197286082685e-07
9592.000122070312 6.811875741896968e-07
9602.000122070312 8.714992353945731e-07
9612.000122070312 1.097478026124522e-06
9622.000122070312 1.3543682447734837e-06
9632.000122070312 1.6246858333384947e-06
9642.000122070312 1.8839468813219526e-06
9652.000122070312 2.164857560194349e-06
9662.000122070312 2.483125195288355e-06
9672.000122070312 2.9293373477606044e-06
9682.000122070312 3.482328088111028e-06
9692.000122070312 4.204461589420317e-06
9702.000122070312 5.010320883951652e-06
9712.000122070312 5.951847009110338e-06
9722.000122070312 6.918937628093557e-06
9732.000122070312 7.892126717291735e-06
9742.000122070312 8.790486085404836e-06
9752.000122070312 9.672608463647353e-06
9762.000122070312 1.0575917708647653e-05
9772.000122070312 1.167663603877549e-05
9782.000122070312 1.3097686470598517e-05
9792.000122070312 1.5031135136612504e-05
9802.000122070312 1.7634888052709956e-05
9812.000122070312 2.114784149905813e-05
9822.000122070312 2.5905598438410937e-05
9832.000122070312 3.2226642983441094e-05
9842.000122070312 4.0386857604303764e-05
9852.000122070312 5.0796687228551904e-05
9862.000122070312 6.349527551203883e-05
9872.000122070312 7.870296783596824e-05
9882.000122070312 9.647307262167676e-05
9892.000122070312 0.00011680645490529873
9902.000122070312 0.00013991475034335927
9912.000122070312 0.00016564157446925654
9922.000122070312 0.00019466778298635255
9932.000122070312 0.0002277983716434522
9942.000122070312 0.00026643420924594074
9952.000122070312 0.00031214807299433095
9962.000122070312 0.0003691717321025514
9972.000122070312 0.0004420970489530685
9982.000122070313 0.013006907060938815
9992.000122070313 0.027075596871287973
10002.000122070311 0.04281478558890228
10012.000122070313 0.047683199768682266
10022.000122070311 0.053474690817811296
10032.000122070313 0.05940432511128328
10042.000122070311 0.06679103343882545
10052.000122070313 0.07495993997850382
10062.000122070311 0.08554677781551295
10072.000122070313 0.09737473516414474
10082.000122070311 0.1108928472732495
10092.000122070313 0.12595962012958375
10102.000122070312 0.14203861650591398
10112.000122070313 0.1597266250244821
10122.000122070312 0.1778101270515877
10132.000122070313 0.1960570780757992
10142.000122070312 0.21232432609376128
10152.000122070313 0.2263298744322454
10162.000122070312 0.23645974344507487
10172.000122070313 0.2436996019386411
10182.000122070312 0.2474394685157101
10192.000122070313 0.24963041956838006
10202.000122070312 0.24979370029837783
10212.000122070313 0.2502616661535946
10222.000122070312 0.2500790697769206
10232.000122070313 0.25011357347493246
10241.99951171875 0.24984589523509798
10251.99951171875 0.25031432744343207
10261.99951171875 0.25075652735173376
10271.99951171875 0.2517055085992346
10281.99951171875 0.2527471957306088
10291.99951171875 0.2538775649306558
10301.99951171875 0.25508268334389833
10311.99951171875 0.2562752126708014
10321.99951171875 0.2586636996830467
10331.99951171875 0.2601332799794479
10341.99951171875 0.262402237551478
10351.99951171875 0.26398841058551953
10361.99951171875 0.26562687422285913
10371.99951171875 0.2659545681600072
10381.99951171875 0.2677056324721298
10391.99951171875 0.26927751385408755
10401.99951171875 0.2709169355114146
10411.99951171875 0.2711626718914244
10421.99951171875 0.2718703927801749
10431.99951171875 0.271918786535956
10441.99951171875 0.27239063370912403
10451.99951171875 0.2731656182516664
10461.99951171875 0.27409273450421856
10471.99951171875 0.27492669379592793
10481.99951171875 0.2758979046072059
10491.99951171875 0.27649688097197367
10501.99951171875 0.2772656466422877
10511.99951171875 0.2788087721789947
10521.99951171875 0.280158751479246
10531.99951171875 0.28086207910197636
10541.99951171875 0.2818720383056289
10551.99951171875 0.2824274025127879
10561.99951171875 0.2824483534995873
10571.99951171875 0.2817220845651966
10581.99951171875 0.2817343220986361
10591.99951171875 0.2816697996493499
10601.99951171875 0.28097602550771184
10611.99951171875 0.2802400005031427
10621.99951171875 0.2793733851433477
10631.99951171875 0.2780575684375325
10641.99951171875 0.2771504502511273
10651.99951171875 0.2760848361099204
10661.99951171875 0.2756177867274924
10671.99951171875 0.2735285302964734
10681.99951171875 0.27212710851622196
10691.99951171875 0.27020897856753423
10701.99951171875 0.26811590638856164
10711.99951171875 0.26650085727191064
10721.99951171875 0.2651645215390891
10731.99951171875 0.2637765172432808
10741.99951171875 0.2617775097374482
10751.99951171875 0.26048801809102484
10761.99951171875 0.259950011673251
10771.99951171875 0.25890991097567895
10781.99951171875 0.2587449909478521
10791.99951171875 0.25855456666071286
10801.99951171875 0.2585479081232982
10811.99951171875 0.25884133463305214
10821.99951171875 0.25981001919853897
10831.99951171875 0.26017533799446674
10841.99951171875 0.2610004389602498
10851.99951171875 0.26172646242361386
10861.99951171875 0.2636376446827484
10871.99951171875 0.2647950931257024
10881.99951171875 0.2667846975318188
10891.99951171875 0.2686922120851667
10901.99951171875 0.27133287450801924
10911.99951171875 0.27347501904563787
10921.99951171875 0.27608362486896837
10931.99951171875 0.2784591032427222
10941.99951171875 0.28085027430897386
10951.99951171875 0.28303853750325314
10961.99951171875 0.28488789492593214
10971.99951171875 0.2876149466392456
10981.99951171875 0.2896552709690452
10991.99951171875 0.291704026472674
11001.99951171875 0.2925024421629866
11011.99951171875 0.2935583178013118
11021.99951171875 0.2944588631191748
11031.99951171875 0.2956345810820279
11041.99951171875 0.2964957760988696
11051.99951171875 0.2974223909108822
11061.99951171875 0.29747348830223763
11071.99951171875 0.29757076861874987
11081.99951171875 0.29738148883048454
11091.99951171875 0.29680265824023266
11101.99951171875 0.29708338174538695
11111.99951171875 0.2971430288310007
11121.99951171875 0.2974684944835017
11131.99951171875 0.2969013576714249
11141.99951171875 0.2967922456150362
11151.99951171875 0.2966290570299315
11161.99951171875 0.29591981992057603
11171.99951171875 0.2951694950030421
11181.99951171875 0.2945056090234549
11191.99951171875 0.29409643352258547
11201.99951171875 0.2940665626722385
11211.99951171875 0.29317782955313154
11221.99951171875 0.29278913706271015
11231.99951171875 0.2915731171461267
11241.99951171875 0.29186120617100475
11251.99951171875 0.2921590733550403
11261.99951171875 0.29321285970846434
11271.99951171875 0.2936921534345318
11281.99951171875 0.2948938520276012
11291.99951171875 0.29571473724738684
11301.99951171875 0.2971111609484446
11311.99951171875 0.2978509800582945
11321.99951171875 0.2995034520834451
11331.99951171875 0.3004846977612692
11341.99951171875 0.3019659347188085
11351.99951171875 0.3029312156582586
11361.99951171875 0.30416710030655614
11371.99951171875 0.30571089642505933
11381.99951171875 0.30670539471640423
11391.99951171875 0.3080892876360787
11401.99951171875 0.30864359154598275
11411.99951171875 0.3106897387877446
11421.99951171875 0.3128118852241243
11431.99951171875 0.31489343926889557
11441.99951171875 0.3172262967607635
11451.99951171875 0.31935604027391795
11461.99951171875 0.32079837548355283
11471.99951171875 0.32246680045800746
11481.99951171875 0.323978873824173
11491.99951171875 0.3261022225818957
11501.99951171875 0.3277715988072988
11511.99951171875 0.32958781514629415
11521.99951171875 0.33158378109847253
11531.99951171875 0.33274386993902266
11541.99951171875 0.3342140512431906
11551.99951171875 0.3360250369761417
11561.99951171875 0.33792258893472515
11571.99951171875 0.34013841430240255
11581.99951171875 0.341633674173092
11591.99951171875 0.3440803666909322
11601.99951171875 0.3450971635092486
11611.99951171875 0.3467785556353905
11621.99951171875 0.3478875066322924
11631.99951171875 0.34973164809015006
11641.99951171875 0.3508851040151656
11651.99951171875 0.35182556404660925
11661.99951171875 0.3525876107429984
11671.99951171875 0.35364080179868207
11681.99951171875 0.3542036002073097
11691.99951171875 0.3545005802068312
11701.99951171875 0.35479698899399564
11711.99951171875 0.3550879323211491
11721.99951171875 0.3555201625669905
11731.99951171875 0.3554767614538198
11741.99951171875 0.3558959605442249
11751.99951171875 0.35668085421472184
11761.99951171875 0.35626276039334914
11771.99951171875 0.35667821062817767
11781.99951171875 0.3561031033205456
11791.99951171875 0.3556882962286455
11801.99951171875 0.35516504369121604
11811.99951171875 0.3555608227902094
11821.99951171875 0.356452923161434
11831.99951171875 0.35606885698271384
11841.99951171875 0.35558020147184133
11851.99951171875 0.3550004293042333
11861.99951171875 0.3545570522503814
11871.99951171875 0.3532746683618078
11881.99951171875 0.35295260088706687
11891.99951171875 0.3533794729353126
11901.99951171875 0.35412947182234145
11911.99951171875 0.3535567758609659
11921.99951171875 0.35165313884971217
11931.99951171875 0.35125089259856634
11941.99951171875 0.35040763053266544
11951.99951171875 0.3496562098712105
11961.99951171875 0.34851072142170836
11971.99951171875 0.3482652141093322
11981.99951171875 0.34814133191197516
11991.99951171875 0.3480570955797806
12001.99951171875 0.3478517972060038
12011.99951171875 0.3484416877573675
12021.99951171875 0.3485803611446357
12031.99951171875 0.3479408606707957
12041.99951171875 0.34825038918855966
12051.99951171875 0.3481364681666935
12061.99951171875 0.34811482169594987
12071.99951171875 0.34798765610445714
12081.99951171875 0.3479818868963124
12091.99951171875 0.3492958590302012
12101.99951171875 0.3488688609524989
12111.99951171875 0.34947593181418635
12121.99951171875 0.34903680675068605
12131.99951171875 0.3500355614586529
12141.99951171875 0.3500196143125699
12151.99951171875 0.3507196992982782
12161.99951171875 0.35046836762541234
12171.99951171875 0.35067262562162005
12181.99951171875 0.3517787909924506
12191.99951171875 0.3527028596230859
12201.99951171875 0.35376312996241943
12211.99951171875 0.35492646024263996
12221.99951171875 0.3569146995284185
12231.99951171875 0.358572854138304
12241.99951171875 0.35966852756797396
12251.99951171875 0.36100782416426414
12261.99951171875 0.3628731281979759
12271.99951171875 0.36487676776685457
12281.99951171875 0.36643733258897987
12291.99951171875 0.36768461606580005
12301.99951171875 0.3694520881948677
12311.99951171875 0.37052945386397135
12321.99951171875 0.3722973304226893
12331.99951171875 0.3728610528761148
12341.99951171875 0.3744572558874508
12351.99951171875 0.3753147549373876
12361.99951171875 0.3762340700143586
12371.99951171875 0.3769281084889256
12381.99951171875 0.37753878976716093
12391.99951171875 0.3777410017952061
12401.99951171875 0.3788802441815875
12411.99951171875 0.379576547188474
12421.99951171875 0.3814157215871343
12431.99951171875 0.382109884308504
12441.99951171875 0.383525048969169
12451.99951171875 0.3844480540209577
12461.99951171875 0.38525640090496904
12471.99951171875 0.3854057277311336
12481.99951171875 0.38605148491614716
12491.99951171875 0.3871267834517007
12501.99951171875 0.3876875630327521
12511.99951171875 0.3891733047642959
12521.99951171875 0.390086333715139
12531.99951171875 0.39097845523420466
12541.99951171875 0.390821152906909
12551.99951171875 0.3905628734559871
12561.99951171875 0.3907575823266518
12571.99951171875 0.39161720484422635
12581.99951171875 0.39169014175512173
12591.99951171875 0.3921220736031511
12601.99951171875 0.3918416826905766
12611.99951171875 0.3921661969686959
12621.99951171875 0.39224475712771645
12631.99951171875 0.39201507868808494
12641.99951171875 0.391842396146626
12651.99951171875 0.39198173624667126
12661.99951171875 0.3910398959786683
12671.99951171875 0.3910729868274881
12681.99951171875 0.3905289614166697
12691.99951171875 0.390181433566666
12701.99951171875 0.3878853187630436
12711.99951171875 0.3845978478850196
12721.99951171875 0.37925050206001476
12731.99951171875 0.373197632790353
12741.99951171875 0.36403282906744244
12751.99951171875 0.35223738257179155
12761.99951171875 0.33525901030132876
12771.99951171875 0.3149718017908493
12781.99951171875 0.29035894017266467
12791.99951171875 0.2630724238158635
12801.99951171875 0.2340543130755081
12811.99951171875 0.20548616528008823
12821.99951171875 0.1784130828852477
12831.99951171875 0.15418400768156246
12841.99951171875 0.13280669565651487
12851.99951171875 0.11437672815430058
12861.99951171875 0.09793528418616751
12871.99951171875 0.0841572756209043
12881.99951171875 0.07206755638951234
12891.99951171875 0.0625324452201639
12901.99951171875 0.05430583130887015
12911.99951171875 0.04763940555107718
12921.99951171875 0.041609846311067074
12931.99951171875 0.03688596844306051
12941.99951171875 0.03257048636507336
12951.99951171875 0.02904117294691337
12961.99951171875 0.025423962394404993
12971.99951171875 0.02186521393010707
12981.99951171875 0.018212517517351645
12991.99951171875 0.014937895751203916
13001.99951171875 0.012174472369998659
13011.99951171875 0.00986614446007902
13021.99951171875 0.007998530742654318
13031.99951171875 0.0064838308929646826
13041.99951171875 0.005287627218898411
13051.99951171875 0.004306474665394961
13061.99951171875 0.003511599442173944
13071.99951171875 0.002872801740638974
13081.99951171875 0.0023675498364092015
13091.99951171875 0.0019650981524055333
13101.99951171875 0.001636825780768141
13111.99951171875 0.0013670866648189267
13121.99951171875 0.0011464360512104762
13131.99951171875 0.0009689618313360343
13141.99951171875 0.0008187604569194475
13151.99951171875 0.0006946823103756105
13161.99951171875 0.0005900083713206355
13171.99951171875 0.0005036281943195123
13181.99951171875 0.00043142335806231364
13191.99951171875 0.0003703281987189542
13201.99951171875 0.00031818985711957873
13211.99951171875 0.00027516583073125355
13221.99951171875 0.00023896055914672396
13231.99951171875 0.0002086680604597981
13241.99951171875 0.00018219334755162955
13251.99951171875 0.00015900164720244924
13261.99951171875 0.0001398111604181221
13271.99951171875 0.00012297856265523272
13281.99951171875 0.00010865492211277418
13291.99951171875 9.525992423916699e-05
13301.99951171875 8.48132423088205e-05
13311.99951171875 7.543877611916777e-05
13321.99951171875 6.752991351503698e-05
13331.99951171875 6.023052575197498e-05
13341.99951171875 5.4153228906474364e-05
13351.99951171875 4.844871218839388e-05
13361.99951171875 4.355437337264437e-05
13371.99951171875 3.929623990446134e-05
13381.99951171875 3.5579336383195996e-05
13391.99951171875 3.2227392446119115e-05
13401.99951171875 2.930194404023135e-05
13411.99951171875 2.6865391988600448e-05
13421.99951171875 2.4746357902344016e-05
13431.99951171875 2.285323824564309e-05
13441.99951171875 2.123148258387518e-05
13451.99951171875 1.9421075893356252e-05
13461.99951171875 1.760307408848404e-05
13471.99951171875 1.6377244604299552e-05
13481.99951171875 1.5122776123614397e-05
13491.99951171875 1.3820579777923346e-05
13501.99951171875 1.2499306288350851e-05
13511.99951171875 1.184273004849556e-05
13521.99951171875 1.0981676587429592e-05
13531.99951171875 1.0389747348730483e-05
13541.99951171875 9.185509854017832e-06
13551.99951171875 9.044301533519452e-06
13561.99951171875 8.370504532530286e-06
13571.99951171875 8.016082644578437e-06
13581.99951171875 7.566660440905993e-06
13591.99951171875 6.818204302879196e-06
13601.99951171875 6.315211478122157e-06
13611.99951171875 5.91762125368723e-06
13621.99951171875 5.697982412508348e-06
13631.99951171875 5.808903805643783e-06
13641.99951171875 5.164966333009472e-06
13651.99951171875 5.312756326655441e-06
13661.99951171875 4.614961895364399e-06
13671.99951171875 4.663114928377436e-06
13681.99951171875 4.651708200609969e-06
13691.99951171875 4.990428343692899e-06
13701.99951171875 4.693255169393651e-06
13711.99951171875 4.545365969481108e-06
13721.99951171875 4.892284567438486e-06
13731.99951171875 4.696421372558787e-06
13741.99951171875 4.551722675924868e-06
13751.99951171875 3.5449152089254003e-06
13761.99951171875 4.0559336478861965e-06
13771.99951171875 3.981284843344821e-06
13781.99951171875 4.437448800827182e-06
13791.99951171875 4.1000924809263285e-06
13801.99951171875 3.5840611094546563e-06
13811.99951171875 3.858410485723367e-06
13821.99951171875 3.850939338501578e-06
13831.99951171875 4.072006429314208e-06
13841.99951171875 3.6336930321827564e-06
13851.99951171875 3.635006529237539e-06
13861.99951171875 3.529143671578616e-06
13871.99951171875 3.3883821690133696e-06
13881.99951171875 3.1300476714426454e-06
13891.99951171875 2.8765764107639385e-06
13901.99951171875 2.818955122790233e-06
13911.99951171875 3.0191728441735545e-06
13921.99951171875 3.170637953354764e-06
13931.99951171875 3.001887840191543e-06
13941.99951171875 3.0232201140083183e-06
13951.99951171875 2.9412488858753138e-06
13961.99951171875 2.470248395191052e-06
13971.99951171875 2.3940934496705887e-06
13981.99951171875 2.5695209809390648e-06
13991.99951171875 3.022297319351717e-06
14001.99951171875 3.073466944861521e-06
14011.99951171875 3.1263251034433465e-06
14021.99951171875 3.0932299916004603e-06
14031.99951171875 3.2846363501445045e-06
14041.99951171875 3.064177835599041e-06
14051.99951171875 3.157539106749725e-06
14061.99951171875 2.7551826685706102e-06
14071.99951171875 2.682968378635623e-06
14081.99951171875 2.735721856630974e-06
14091.99951171875 2.9637415086137113e-06
14101.99951171875 2.9844742922715015e-06
14111.99951171875 3.0360923444838064e-06
14121.99951171875 3.0584305658146865e-06
14131.99951171875 3.337818413464043e-06
14141.99951171875 3.3813638302098675e-06
14151.99951171875 3.423941806923772e-06
14161.99951171875 3.117371198553724e-06
14171.99951171875 3.003065533917768e-06
14181.99951171875 3.2102407004712853e-06
14191.99951171875 3.38995785184844e-06
14201.99951171875 3.3613912034806786e-06
14211.99951171875 2.984692549149551e-06
14221.99951171875 3.245985840580724e-06
14231.99951171875 3.3434525459930516e-06
14241.99951171875 3.1266897748620615e-06
14251.99951171875 2.894266935294702e-06
14261.99951171875 2.5237754726919178e-06
14271.99951171875 2.805921923526262e-06
14281.99951171875 2.8721175667196523e-06
14291.99951171875 3.039404313168672e-06
14301.99951171875 2.878300337919013e-06
14311.99951171875 3.223354507841996e-06
14321.99951171875 3.4020173023499373e-06
14331.99951171875 3.3198819433803013e-06
14341.99951171875 3.0616611441148597e-06
14351.99951171875 2.7689385156157014e-06
14361.99951171875 3.059635596517507e-06
14371.99951171875 2.7117823258386848e-06
14381.99951171875 3.064254522396422e-06
14391.99951171875 2.625580718679131e-06
14401.99951171875 2.81905928793169e-06
14411.99951171875 2.503043633920962e-06
14421.99951171875 3.1557427065503205e-06
14431.99951171875 2.9443465346148336e-06
14441.99951171875 3.139487732433449e-06
14451.99951171875 2.652219330042815e-06
14461.99951171875 2.6731597468948356e-06
14471.99951171875 2.5434553250926628e-06
14481.99951171875 2.716637375509285e-06
14491.99951171875 2.3478506233093044e-06
14501.99951171875 2.177641730997564e-06
14511.99951171875 2.1573698272551676e-06
14521.99951171875 2.412898439224319e-06
14531.99951171875 2.8421535319112386e-06
14541.99951171875 2.49115873997483e-06
14551.99951171875 2.445242451639132e-06
14561.99951171875 2.3642846044521987e-06
14571.99951171875 2.6366643119302263e-06
14581.99951171875 2.581689330528377e-06
14591.99951171875 2.5225547038045508e-06
14601.99951171875 2.507741169195426e-06
14611.99951171875 2.4464924546949704e-06
14621.99951171875 2.6097708268667204e-06
14631.99951171875 2.3620077552269573e-06
14641.99951171875 2.7237088489525197e-06
14651.99951171875 2.81052043669267e-06
14661.99951171875 2.7528476729238837e-06
14671.99951171875 2.7192355705006886e-06
14681.99951171875 2.3233577619650514e-06
14691.99951171875 2.4412021205211765e-06
14701.99951171875 2.246699223379799e-06
14711.99951171875 2.34835860570217e-06
14721.99951171875 2.609187612471754e-06
14731.99951171875 2.9034584556936387e-06
14741.99951171875 2.202609139055505e-06
14751.99951171875 2.534561245125943e-06
14761.99951171875 2.1418227966742396e-06
14771.99951171875 2.4193849685827762e-06
14781.99951171875 2.0055041384688417e-06
14791.99951171875 2.261535107054576e-06
14801.99951171875 2.381545343973031e-06
14811.99951171875 1.931214909570642e-06
14821.99951171875 2.209785096368083e-06
14831.99951171875 2.0865279878091886e-06
14841.99951171875 2.491925384319035e-06
14851.99951171875 2.1106806827787888e-06
14861.99951171875 2.401671935136627e-06
14871.99951171875 1.9164337494081355e-06
14881.99951171875 2.1450970036219782e-06
14891.99951171875 2.1260563137533677e-06
14901.99951171875 2.5315878852643383e-06
14911.99951171875 2.218518788857578e-06
14921.99951171875 2.3922398771552902e-06
14931.99951171875 2.228917979074423e-06
14941.99951171875 2.082697879428183e-06
14951.99951171875 2.1231941058480028e-06
14961.99951171875 2.621577631821962e-06
14971.99951171875 2.9537386044982977e-06
14981.99951171875 2.7568964237027795e-06
14991.99951171875 2.6836095092208927e-06
15001.99951171875 3.116146012235583e-06
15011.99951171875 3.0399504782553066e-06
15021.99951171875 3.3773700832877643e-06
15031.99951171875 3.177299665401172e-06
15041.99951171875 2.9449997221966893e-06
15051.99951171875 2.5096775390611632e-06
15061.99951171875 2.551358099174867e-06
15071.99951171875 3.2332246892236556e-06
15081.99951171875 3.5190723406014564e-06
15091.99951171875 3.373171043801976e-06
15101.99951171875 2.8779733623954114e-06
15111.99951171875 2.732195842893035e-06
15121.99951171875 2.701348481869623e-06
15131.99951171875 3.0255780814620987e-06
15141.99951171875 2.8719337103171275e-06
15151.99951171875 3.2597915494885456e-06
15161.99951171875 2.8703269814398555e-06
15171.99951171875 2.9092411096233887e-06
15181.99951171875 2.695245900058486e-06
15191.99951171875 2.9239961783754742e-06
15201.99951171875 2.8694103382804467e-06
15211.99951171875 2.901904874006776e-06
15221.99951171875 2.9571679476954853e-06
15231.99951171875 2.667938899491941e-06
15241.99951171875 2.782392968465568e-06
15251.99951171875 2.8659716084153313e-06
15261.99951171875 3.3213215015164206e-06
15271.99951171875 2.9917193447473066e-06
15281.99951171875 3.635044081807595e-06
15291.99951171875 3.479511794349268e-06
15301.99951171875 4.197646561888907e-06
15311.99951171875 3.449214440627171e-06
15321.99951171875 3.354263331480931e-06
15331.99951171875 3.0769989175202495e-06
15341.99951171875 3.4006632328101814e-06
15351.99951171875 3.566353865588717e-06
15361.99951171875 3.2956895758600934e-06
15371.99951171875 3.09137148376615e-06
15381.99951171875 3.407697423561409e-06
15391.99951171875 3.2430055188027797e-06
15401.99951171875 3.203327402841867e-06
15411.99951171875 2.9299833618910507e-06
15421.99951171875 2.638140649226194e-06
15431.99951171875 2.7121106516281914e-06
15441.99951171875 2.736390107774921e-06
15451.99951171875 3.1116166658128287e-06
15461.99951171875 3.3059245883767838e-06
15471.99951171875 3.34464818357566e-06
15481.99951171875 3.1154988811444345e-06
15491.99951171875 3.3265049056375826e-06
15501.99951171875 3.072339034386764e-06
15511.99951171875 3.3769957556900997e-06
15521.99951171875 3.144155339016082e-06
15531.99951171875 3.108919354026781e-06
15541.99951171875 3.0148379193529666e-06
15551.99951171875 2.4062051689851036e-06
15561.99951171875 2.4528571431732304e-06
15571.99951171875 2.8948903349357998e-06
15581.99951171875 3.5335593017239015e-06
15591.99951171875 3.5289577024389355e-06
15601.99951171875 3.0878414285326116e-06
15611.99951171875 2.911653127801534e-06
15621.99951171875 3.1301706477614835e-06
15631.99951171875 3.4411369951671573e-06
15641.99951171875 3.4358367232896756e-06
15651.99951171875 3.037673133823936e-06
15661.99951171875 2.998413229744037e-06
15671.99951171875 3.1678116514211558e-06
15681.99951171875 3.4490392655738834e-06
15691.99951171875 3.073479544563337e-06
15701.99951171875 2.3213071975672807e-06
15711.99951171875 2.4899589861330303e-06
15721.99951171875 2.3332110101256314e-06
15731.99951171875 2.799117635992217e-06
15741.99951171875 2.7947378443781106e-06
15751.99951171875 3.141830159386539e-06
15761.99951171875 3.56422475725812e-06
15771.99951171875 3.16320770291615e-06
15781.99951171875 3.077968993768654e-06
15791.99951171875 2.4877457775576766e-06
15801.99951171875 3.233469836209317e-06
15811.99951171875 3.3072360792617658e-06
15821.99951171875 3.7768048376941063e-06
15831.99951171875 3.569359906104968e-06
15841.99951171875 3.715646307246458e-06
15851.99951171875 3.4890454428758827e-06
15861.99951171875 3.0839104603563134e-06
15871.99951171875 3.0719268433413647e-06
15881.99951171875 3.1714338222625962e-06
15891.99951171875 3.3252215097207335e-06
15901.99951171875 3.100575336555138e-06
15911.99951171875 3.1428585637883032e-06
15921.99951171875 3.248506451526768e-06
15931.99951171875 2.8500172960627845e-06
15941.99951171875 3.4037339549490287e-06
15951.99951171875 3.444077113039765e-06
15961.99951171875 4.1752982178832625e-06
15971.99951171875 3.66550730760812e-06
15981.99951171875 3.4186590026898255e-06
15991.99951171875 2.830015737234937e-06
16001.99951171875 2.6686783389425685e-06
16011.99951171875 3.1896870785066693e-06
16021.99951171875 3.4287413749503585e-06
16031.99951171875 3.8137743954572256e-06
16041.99951171875 3.979626461838682e-06
16051.99951171875 4.2391914037800795e-06
16061.99951171875 3.6707588276898646e-06
16071.99951171875 3.0336704848196386e-06
16081.99951171875 3.3032909802663598e-06
16091.99951171875 3.733541852346345e-06
16101.99951171875 3.565398269402657e-06
16111.99951171875 3.1711700630606757e-06
16121.99951171875 3.250622361392735e-06
16131.99951171875 3.983736053435154e-06
16141.99951171875 4.145175853059154e-06
16151.99951171875 3.4158904762424907e-06
16161.99951171875 2.8780425091430157e-06
16171.99951171875 2.935652395302565e-06
16181.99951171875 3.4405783470455243e-06
16191.99951171875 4.066437215638888e-06
16201.99951171875 3.7305212197949393e-06
16211.99951171875 3.5442707597027206e-06
16221.99951171875 2.7302535589903554e-06
16231.99951171875 3.038387657424881e-06
16241.99951171875 3.446525677997279e-06
16251.99951171875 3.42830054601855e-06
16261.99951171875 3.4584511807415608e-06
16271.99951171875 3.527400445570541e-06
16281.99951171875 3.994917267554878e-06
16291.99951171875 3.87336504743427e-06
16301.99951171875 4.05029852394449e-06
16311.99951171875 4.582264489052102e-06
16321.99951171875 3.715791019049292e-06
16331.99951171875 3.3296320679363105e-06
16341.99951171875 2.6510781550613654e-06
16351.99951171875 3.574779683359722e-06
16361.99951171875 2.9442704585797844e-06
16371.99951171875 3.0136556864725377e-06
16381.99951171875 2.798834416030969e-06
16391.99951171875 4.204394035154781e-06
16401.99951171875 4.09969197111409e-06
16411.99951171875 4.002566309224015e-06
16421.99951171875 3.3305434480542107e-06
16431.99951171875 3.4005734625922757e-06
16441.99951171875 3.857707182145985e-06
16451.99951171875 3.6757085031279404e-06
16461.99951171875 3.3722156672287195e-06
16471.99951171875 2.8194672245170674e-06
16481.99951171875 3.063288076561755e-06
16491.99951171875 2.87569616233055e-06
16501.99951171875 3.6653205921057e-06
16511.99951171875 3.60675530826338e-06
16521.99951171875 3.7085678105643512e-06
16531.99951171875 2.9460144413572404e-06
16541.99951171875 3.0696237996381943e-06
16551.99951171875 3.319736107744213e-06
16561.99951171875 3.7262398403131507e-06
16571.99951171875 3.513299014849518e-06
16581.99951171875 4.006494426455754e-06
16591.99951171875 3.673823160001663e-06
16601.99951171875 3.2203000571294012e-06
16611.99951171875 2.5994552401262415e-06
16621.99951171875 3.822306430724016e-06
16631.99951171875 4.0246962494115174e-06
16641.99951171875 4.441688774638043e-06
16651.99951171875 2.8426407206753343e-06
16661.99951171875 3.1928123403601627e-06
16671.99951171875 3.5587218834664756e-06
16681.99951171875 4.872663953873346e-06
16691.99951171875 4.564208076655714e-06
16701.99951171875 4.592380208925621e-06
16711.99951171875 3.250065359010072e-06
16721.99951171875 4.158104464748177e-06
16731.99951171875 3.5009938966969712e-06
16741.99951171875 3.820042188847779e-06
16751.99951171875 3.2599831175272634e-06
16761.99951171875 3.5285739182991314e-06
16771.99951171875 3.600358077210047e-06
16781.99951171875 3.525889768865874e-06
16791.99951171875 4.002993154828852e-06
16801.99951171875 3.562098280504824e-06
16811.99951171875 2.907274988285873e-06
16821.99951171875 1.9820143422633446e-06
16831.99951171875 2.4639996810134408e-06
16841.99951171875 2.9146866874069764e-06
16851.99951171875 3.373376697257902e-06
16861.99951171875 4.111127300383528e-06
16871.99951171875 3.961511606946045e-06
16881.99951171875 2.9605243080005065e-06
16891.99951171875 2.7194333207324924e-06
16901.99951171875 2.8020207451756105e-06
16911.99951171875 3.1190771998913932e-06
16921.99951171875 2.970344267343398e-06
16931.99951171875 2.768080123675041e-06
16941.99951171875 3.80582830774747e-06
16951.99951171875 3.864041923022999e-06
16961.99951171875 4.485526098144171e-06
16971.99951171875 4.1227024546880476e-06
16981.99951171875 3.920959724971648e-06
16991.99951171875 3.331088974604754e-06
17001.99951171875 3.3750710946536177e-06
17011.99951171875 3.615758114882461e-06
17021.99951171875 3.3389311460258362e-06
17031.99951171875 2.6776767700939995e-06
17041.99951171875 2.6994876359118067e-06
17051.99951171875 3.027137585431319e-06
17061.99951171875 2.661923654057782e-06
17071.99951171875 2.531242587101111e-06
17081.99951171875 3.146264296794655e-06
17091.99951171875 3.5147377996802733e-06
17101.99951171875 4.3410297875743775e-06
17111.99951171875 3.6111489702672563e-06
17121.99951171875 4.336061533266216e-06
17131.99951171875 2.9966297911282285e-06
17141.99951171875 2.9828719712700696e-06
17151.99951171875 2.3858780855745546e-06
17161.99951171875 3.35160008730946e-06
17171.99951171875 3.314766673227843e-06
17181.99951171875 3.5279326561869563e-06
17191.99951171875 3.281505145800724e-06
17201.99951171875 5.050937139765377e-06
17211.99951171875 4.591732164137622e-06
17221.99951171875 4.8956831947527304e-06
17231.99951171875 3.150580432780874e-06
17241.99951171875 4.161252801879359e-06
17251.99951171875 3.48490864364307e-06
17261.99951171875 4.6263787222156275e-06
17271.99951171875 4.494758142383348e-06
17281.99951171875 4.822279647669568e-06
17291.99951171875 4.217085458133433e-06
17301.99951171875 3.918112453607821e-06
17311.99951171875 4.292694151560315e-06
17321.99951171875 4.482674838509417e-06
17331.99951171875 4.084072462510878e-06
17341.99951171875 3.8878254070938655e-06
17351.99951171875 3.7550499064868843e-06
17361.99951171875 4.322695443620384e-06
17371.99951171875 3.5425697535334466e-06
17381.99951171875 3.878211000026888e-06
17391.99951171875 3.6956408721604736e-06
17401.99951171875 3.927231731641376e-06
17411.99951171875 3.56784769966438e-06
17421.99951171875 3.4268634129386053e-06
17431.99951171875 3.3352070163131814e-06
17441.99951171875 3.0232847741467344e-06
17451.99951171875 3.604728510621378e-06
17461.99951171875 5.019757928849487e-06
17471.99951171875 4.423234332880366e-06
17481.99951171875 4.085500035384416e-06
17491.99951171875 3.033287154925704e-06
17501.99951171875 3.7258603323051935e-06
17511.99951171875 4.331149950250124e-06
17521.99951171875 3.4311561756435267e-06
17531.99951171875 3.64381234537349e-06
17541.99951171875 3.3549787293355456e-06
17551.99951171875 3.753609465072495e-06
17561.99951171875 3.1778727551744804e-06
17571.99951171875 3.062676609000115e-06
17581.99951171875 3.2706068159141526e-06
17591.99951171875 4.231624041333095e-06
17601.99951171875 3.629668845506601e-06
17611.99951171875 4.230662399645795e-06
17621.99951171875 3.3043396630360364e-06
17631.99951171875 3.828699484675593e-06
17641.99951171875 3.5868828291972636e-06
17651.99951171875 4.322535828192035e-06
17661.99951171875 3.291723671939855e-06
17671.99951171875 3.027117669455491e-06
17681.99951171875 3.978534566374381e-06
17691.99951171875 5.370448118273328e-06
17701.99951171875 5.2380318365387015e-06
17711.99951171875 3.918942254141321e-06
17721.99951171875 3.6317665032842615e-06
17731.99951171875 3.928470928532073e-06
17741.99951171875 4.286177090279439e-06
17751.99951171875 3.5352294909994304e-06
17761.99951171875 3.4304850707841914e-06
17771.99951171875 3.259455252754945e-06
17781.99951171875 3.791440231066853e-06
17791.99951171875 4.5343814743314005e-06
17801.99951171875 4.914379390039554e-06
17811.99951171875 5.18351135419576e-06
17821.99951171875 4.490734906922688e-06
17831.99951171875 4.122620310611981e-06
17841.99951171875 4.71023322102621e-06
17851.99951171875 4.427098619139925e-06
17861.99951171875 4.758729288429145e-06
17871.99951171875 4.1670096755669765e-06
17881.99951171875 5.040705765355667e-06
17891.99951171875 5.438509754071203e-06
17901.99951171875 5.32033224688794e-06
17911.99951171875 5.256144401006845e-06
17921.99951171875 4.8969617046272904e-06
17931.99951171875 4.54314021854016e-06
17941.99951171875 4.760326024033143e-06
17951.99951171875 4.4083317245665415e-06
17961.99951171875 4.978911527469543e-06
17971.99951171875 5.195164790606111e-06
17981.99951171875 5.1819852875875954e-06
17991.99951171875 4.879256473096124e-06
18001.99951171875 3.3324511377912532e-06
18011.99951171875 4.096627676712971e-06
18021.99951171875 3.828597288788747e-06
18031.99951171875 5.629453242940389e-06
18041.99951171875 4.649869425212582e-06
18051.99951171875 5.447660762455165e-06
18061.99951171875 3.950414725442664e-06
18071.99951171875 4.786277220960376e-06
18081.99951171875 4.563634079526812e-06
18091.99951171875 5.391234752172433e-06
18101.99951171875 6.118506569026826e-06
18111.99951171875 5.632284146148396e-06
18121.99951171875 4.630202689335462e-06
18131.99951171875 3.972295167974073e-06
18141.99951171875 5.627781407628261e-06
18151.99951171875 6.955853299210153e-06
18161.99951171875 5.781370803827272e-06
18171.99951171875 4.733334638967277e-06
18181.99951171875 5.00656242824544e-06
18191.99951171875 6.810164005022166e-06
18201.99951171875 6.752553160971591e-06
18211.99951171875 5.547703592236007e-06
18221.99951171875 5.500465290706785e-06
18231.99951171875 4.620857830945601e-06
18241.99951171875 5.4610779014925525e-06
18251.99951171875 4.752571944727426e-06
18261.99951171875 5.970900698220103e-06
18271.99951171875 4.8780918116762965e-06
18281.99951171875 3.923245299381811e-06
18291.99951171875 4.300367154568338e-06
18301.99951171875 4.95009431922396e-06
18311.99951171875 5.284175672945182e-06
18321.99951171875 4.960331552575066e-06
18331.99951171875 5.748588517930364e-06
18341.99951171875 5.648555602722746e-06
18351.99951171875 5.690494138494714e-06
18361.99951171875 4.98307838944263e-06
18371.99951171875 5.947464619437639e-06
18381.99951171875 6.032234287248264e-06
18391.99951171875 5.502215666991975e-06
18401.99951171875 5.083097611099717e-06
18411.99951171875 3.7243509596100517e-06
18421.99951171875 5.585270716254726e-06
18431.99951171875 5.69068326499803e-06
18441.99951171875 7.582583325301737e-06
18451.99951171875 5.063557434541359e-06
18461.99951171875 6.300134316579012e-06
18471.99951171875 6.4786068110168665e-06
18481.99951171875 8.664685025922243e-06
18491.99951171875 6.910184284133231e-06
18501.99951171875 6.649943153320703e-06
18511.99951171875 5.8173864029052715e-06
18521.99951171875 8.201582602758695e-06
18531.99951171875 6.942348099945653e-06
18541.99951171875 9.40532364304529e-06
18551.99951171875 7.087565623125689e-06
18561.99951171875 8.636165401190021e-06
18571.99951171875 5.205523174965613e-06
18581.99951171875 7.543056356910952e-06
18591.99951171875 6.543647660357648e-06
18601.99951171875 7.723647006402787e-06
18611.99951171875 5.705593029929632e-06
18621.99951171875 5.5935725469221125e-06
18631.99951171875 6.632527389119245e-06
18641.99951171875 6.55289832410823e-06
18651.99951171875 5.70654395194431e-06
18661.99951171875 4.731507089850127e-06
18671.99951171875 6.359522957407951e-06
18681.99951171875 7.793781075418051e-06
18691.99951171875 6.770007968903298e-06
18701.99951171875 5.984050387229776e-06
18711.99951171875 5.4891838092019554e-06
18721.99951171875 5.8828961015328246e-06
18731.99951171875 6.7224167678948324e-06
18741.99951171875 6.684125356035528e-06
18751.99951171875 8.716249947788547e-06
18761.99951171875 7.878795531325173e-06
18771.99951171875 9.26107727331067e-06
18781.99951171875 7.2683096152197e-06
18791.99951171875 8.67081920252423e-06
18801.99951171875 5.9314778095277915e-06
18811.99951171875 6.391179076189556e-06
18821.99951171875 5.171463858104547e-06
18831.99951171875 6.678633139752204e-06
18841.99951171875 7.2785415290017475e-06
18851.99951171875 5.82109886625083e-06
18861.99951171875 6.297456805364757e-06
18871.99951171875 6.702938554004607e-06
18881.99951171875 6.556628411104043e-06
18891.99951171875 5.446722888481773e-06
18901.99951171875 6.113152837147758e-06
18911.99951171875 6.1197331710941166e-06
18921.99951171875 6.8119546776237356e-06
18931.99951171875 6.316388989287531e-06
18941.99951171875 6.963369260325962e-06
18951.99951171875 7.842728596479767e-06
18961.99951171875 6.859630273022126e-06
18971.99951171875 6.387842762392846e-06
18981.99951171875 6.2287631274793725e-06
18991.99951171875 6.522011881970146e-06
19001.99951171875 8.712894461092057e-06
19011.99951171875 6.2082373333621124e-06
19021.99951171875 8.110494628302714e-06
19031.99951171875 6.607534085304351e-06
19041.99951171875 8.164672720268507e-06
19051.99951171875 5.747661805179375e-06
19061.99951171875 6.3777908767234336e-06
19071.99951171875 7.206693159706986e-06
19081.99951171875 8.503460073082866e-06
19091.99951171875 8.227347034761104e-06
19101.99951171875 7.848468815176848e-06
19111.99951171875 6.189258428009851e-06
19121.99951171875 6.769190942646672e-06
19131.99951171875 7.374685444334303e-06
19141.99951171875 8.290721943695313e-06
19151.99951171875 7.206034745254835e-06
19161.99951171875 4.731585955315867e-06
19171.99951171875 4.3054804420246975e-06
19181.99951171875 5.602768483653072e-06
19191.99951171875 8.995393879728293e-06
19201.99951171875 9.259621712702046e-06
19211.99951171875 7.595828557216468e-06
19221.99951171875 8.043117462817031e-06
19231.99951171875 8.555595161994766e-06
19241.99951171875 9.464896932862839e-06
19251.99951171875 6.441751584612739e-06
19261.99951171875 5.199093286149484e-06
19271.99951171875 3.499430708352524e-06
19281.99951171875 5.800854374948227e-06
19291.99951171875 5.515284820766604e-06
19301.99951171875 6.2792300904839316e-06
19311.99951171875 6.565315446145191e-06
19321.99951171875 7.6021297491317634e-06
19331.99951171875 8.812880783033445e-06
19341.99951171875 6.785105926282718e-06
19351.99951171875 6.521538703080271e-06
19361.99951171875 5.259427670702513e-06
19371.99951171875 6.240796575511705e-06
19381.99951171875 5.4865508175070465e-06
19391.99951171875 7.62003353774083e-06
19401.99951171875 7.399809281447549e-06
19411.99951171875 7.43157368973901e-06
19421.99951171875 6.200960550733537e-06
19431.99951171875 7.074884842395627e-06
19441.99951171875 7.099414583748626e-06
19451.99951171875 7.712419185505336e-06
19461.99951171875 6.536348895697044e-06
19471.99951171875 7.073701248367779e-06
19481.99951171875 6.106621701748669e-06
19491.99951171875 5.378243145752557e-06
19501.99951171875 5.517720287178577e-06
19511.99951171875 5.839329285174256e-06
19521.99951171875 8.02521157194108e-06
19531.99951171875 7.354891673723062e-06
19541.99951171875 8.571269676694858e-06
19551.99951171875 7.919418941179895e-06
19561.99951171875 7.708592171646017e-06
19571.99951171875 7.099602331122792e-06
19581.99951171875 7.151291849780188e-06
19591.99951171875 8.895796658616803e-06
19601.99951171875 8.744801777272788e-06
19611.99951171875 7.535981118963703e-06
19621.99951171875 6.48910139793439e-06
19631.99951171875 7.825865294742334e-06
19641.99951171875 7.906634834309468e-06
19651.99951171875 1.0720400780175515e-05
19661.99951171875 9.82473725073019e-06
19671.99951171875 9.16870456724243e-06
19681.99951171875 7.479907538317709e-06
19691.99951171875 8.229327444740935e-06
19701.99951171875 8.322322006055943e-06
19711.99951171875 7.858860499356826e-06
19721.99951171875 8.855638409223615e-06
19731.99951171875 8.753991001206195e-06
19741.99951171875 8.042851459916176e-06
19751.99951171875 6.831415484673228e-06
19761.99951171875 7.5492611435052755e-06
19771.99951171875 8.116230283966146e-06
19781.99951171875 7.503314108979218e-06
19791.99951171875 7.524927308227104e-06
19801.99951171875 8.46213635333895e-06
19811.99951171875 8.145761842821797e-06
19821.99951171875 9.242278245671408e-06
19831.99951171875 8.569374737443035e-06
19841.99951171875 8.489758317979675e-06
19851.99951171875 8.500970110575886e-06
19861.99951171875 7.991942936497697e-06
19871.99951171875 7.5031583620455974e-06
19881.99951171875 6.478182691182555e-06
19891.99951171875 6.364520260738264e-06
19901.99951171875 6.861063457043484e-06
19911.99951171875 6.995456453719633e-06
19921.99951171875 7.318421032812544e-06
19931.99951171875 6.966519064007992e-06
19941.99951171875 7.737001183931565e-06
19951.99951171875 8.056662542498255e-06
19961.99951171875 8.803621716613249e-06
19971.99951171875 8.107670408170788e-06
19981.99951171875 7.778277822070648e-06
19991.99951171875 7.595304612504701e-06
20001.99951171875 7.339136260298401e-06
20011.99951171875 6.293533750541803e-06
20021.99951171875 6.25664840421975e-06
20031.99951171875 6.548471813282755e-06
20041.99951171875 6.712312288064978e-06
20051.99951171875 5.810799898651518e-06
20061.99951171875 6.296426367098061e-06
20071.99951171875 8.826241052039491e-06
20081.99951171875 7.99610668960986e-06
20091.99951171875 6.802338878630551e-06
20101.99951171875 4.4702957010542065e-06
20111.99951171875 7.041200024555893e-06
20121.99951171875 7.086205810785145e-06
20131.99951171875 6.141689475716634e-06
20141.99951171875 5.699712153353682e-06
20151.99951171875 6.5217518983636556e-06
20161.99951171875 7.283395011574263e-06
20171.99951171875 5.903111065682878e-06
20181.99951171875 6.27803561318547e-06
20191.99951171875 5.995076259392057e-06
20201.99951171875 6.084436809352232e-06
20211.99951171875 5.397048015403229e-06
20221.99951171875 6.346509476571884e-06
20231.99951171875 6.270533051551686e-06
20241.99951171875 5.802133263849111e-06
20251.99951171875 5.919623279706574e-06
20261.99951171875 7.0687460866295524e-06
20271.99951171875 7.309368580202731e-06
20281.99951171875 8.384469155668519e-06
20291.99951171875 7.045012839869651e-06
20301.99951171875 8.16444482259349e-06
20311.99951171875 6.460861215268127e-06
20321.99951171875 6.257680517448805e-06
20331.99951171875 5.497424098144422e-06
20341.99951171875 5.674050259497687e-06
20351.99951171875 6.655367918904957e-06
20361.99951171875 7.000059938937551e-06
20371.99951171875 6.923498318655709e-06
20381.99951171875 6.296306417759071e-06
20391.99951171875 4.1955532339817825e-06
20401.99951171875 4.561296236587655e-06
20411.99951171875 4.913859020871744e-06
20421.99951171875 5.775723852174577e-06
20431.99951171875 5.413951676529558e-06
20441.99951171875 4.6270411033460854e-06
20451.99951171875 5.738771198692117e-06
20461.99951171875 7.741228743565142e-06
20471.99951171875 8.88262623962867e-06
20481.99951171875 7.407977470703007e-06
20491.99951171875 7.608436544440549e-06
20501.99951171875 7.559142520885213e-06
20511.99951171875 6.729937165661124e-06
20521.99951171875 4.100212005682779e-06
20531.99951171875 6.13376637698237e-06
20541.99951171875 8.289658362973452e-06
20551.99951171875 8.813053421931047e-06
20561.99951171875 6.9061739388634435e-06
20571.99951171875 6.348531333053797e-06
20581.99951171875 8.366035647928356e-06
20591.99951171875 7.2453028895404965e-06
20601.99951171875 7.262011118989163e-06
20611.99951171875 6.0285557452492675e-06
20621.99951171875 6.615951891103755e-06
20631.99951171875 6.165820611458097e-06
20641.99951171875 6.336963053306813e-06
20651.99951171875 7.882974092966665e-06
20661.99951171875 7.75293468989771e-06
20671.99951171875 7.223634502739331e-06
20681.99951171875 5.2491375124320605e-06
20691.99951171875 8.925444722367802e-06
20701.99951171875 8.072597705236125e-06
20711.99951171875 8.139960413867305e-06
20721.99951171875 6.754762540807194e-06
20731.99951171875 7.225505648351977e-06
20741.99951171875 7.76197021608944e-06
20751.99951171875 5.35976860691399e-06
20761.99951171875 5.217337094725796e-06
20771.99951171875 5.229736514661381e-06
20781.99951171875 7.16746107194933e-06
20791.99951171875 6.3688377849269655e-06
20801.99951171875 6.443747491285312e-06
20811.99951171875 6.744512446054303e-06
20821.99951171875 8.617510059019092e-06
20831.99951171875 9.597207726833201e-06
20841.99951171875 9.390479082079893e-06
20851.99951171875 8.487335595735905e-06
20861.99951171875 7.384238947184078e-06
20871.99951171875 5.9695087475583055e-06
20881.99951171875 5.860416354120395e-06
20891.99951171875 4.0663305742648686e-06
20901.99951171875 6.903568546037679e-06
20911.99951171875 8.040762473922282e-06
20921.99951171875 1.106354598504641e-05
20931.99951171875 8.0050323627933e-06
20941.99951171875 8.661682202981145e-06
20951.99951171875 7.840544662258305e-06
20961.99951171875 8.75025763041947e-06
20971.99951171875 5.742409891695032e-06
20981.99951171875 5.7811756442507065e-06
20991.99951171875 7.237725115975732e-06
21001.99951171875 7.639135777574677e-06
21011.99951171875 7.661703789585052e-06
21021.99951171875 5.717327993754381e-06
21031.99951171875 7.2227287784620085e-06
21041.99951171875 6.457954696556303e-06
21051.99951171875 8.28442814297998e-06
21061.99951171875 8.803395376328921e-06
21071.99951171875 9.853414874378577e-06
21081.99951171875 8.581660191928216e-06
21091.99951171875 7.5606110898252786e-06
21101.99951171875 9.558980284647155e-06
21111.99951171875 8.912690153870724e-06
21121.99951171875 1.0502303293426066e-05
21131.99951171875 7.17426506635963e-06
21141.99951171875 9.279310474516214e-06
21151.99951171875 6.207431631496192e-06
21161.99951171875 8.22824920876089e-06
21171.99951171875 8.275897379541159e-06
21181.99951171875 9.19609064830333e-06
21191.99951171875 7.742114646686043e-06
21201.99951171875 5.539769089985154e-06
21211.99951171875 8.167308800773826e-06
21221.99951171875 8.966770235980028e-06
21231.99951171875 8.984903497277632e-06
21241.99951171875 6.599689555547468e-06
21251.99951171875 5.390442441397514e-06
21261.99951171875 5.13671531135273e-06
21271.99951171875 5.787573998580328e-06
21281.99951171875 6.871689571207814e-06
21291.99951171875 9.710214648952828e-06
21301.99951171875 8.25017552137356e-06
21311.99951171875 7.728790615976753e-06
21321.99951171875 6.463495277540936e-06
21331.99951171875 9.584588667436467e-06
21341.99951171875 1.0206791430033461e-05
21351.99951171875 9.531030079148791e-06
21361.99951171875 8.011677874744501e-06
21371.99951171875 8.69082393276153e-06
21381.99951171875 1.0204277144879e-05
21391.99951171875 9.719406566096275e-06
21401.99951171875 7.230298434744939e-06
21411.99951171875 5.214253821189646e-06
21421.99951171875 5.683131356922397e-06
21431.99951171875 9.193582165521361e-06
21441.99951171875 8.686600093166564e-06
21451.99951171875 9.232438726871746e-06
21461.99951171875 5.314339668344763e-06
21471.99951171875 5.078950324641828e-06
21481.99951171875 4.3006864793388716e-06
21491.99951171875 6.5102071624973924e-06
21501.99951171875 7.717375412255882e-06
21511.99951171875 8.069302466747122e-06
21521.99951171875 7.1690208187390865e-06
21531.99951171875 9.633526745140565e-06
21541.99951171875 9.318882703595204e-06
21551.99951171875 1.0774524495158353e-05
21561.99951171875 9.041854581174787e-06
21571.99951171875 1.2407679448298109e-05
21581.99951171875 1.2465719303795438e-05
21591.99951171875 1.3979529401898236e-05
21601.99951171875 1.4862975567783111e-05
21611.99951171875 1.5347041093307584e-05
21621.99951171875 1.2436144708203042e-05
21631.99951171875 9.867383359896903e-06
21641.99951171875 9.385847171407884e-06
21651.99951171875 1.1618673130806633e-05
21661.99951171875 1.2445972356658998e-05
21671.99951171875 1.526236651254545e-05
21681.99951171875 1.3570575329850219e-05
21691.99951171875 1.3995141218079759e-05
21701.99951171875 1.0683846932467902e-05
21711.99951171875 1.3404042703883604e-05
21721.99951171875 1.3454169635442958e-05
21731.99951171875 1.499492870789643e-05
21741.99951171875 1.2587079190261307e-05
21751.99951171875 1.0532401806660005e-05
21761.99951171875 9.148224403604998e-06
21771.99951171875 9.023707465532358e-06
21781.99951171875 9.86183574277641e-06
21791.99951171875 1.099911996016584e-05
21801.99951171875 1.1642090539190609e-05
21811.99951171875 1.1219181016581097e-05
21821.99951171875 1.0367042080610407e-05
21831.99951171875 8.493136813185453e-06
21841.99951171875 5.41113481477395e-06
21851.99951171875 4.1701273998685316e-06
21861.99951171875 4.631964872494484e-06
21871.99951171875 6.995466210285383e-06
21881.99951171875 9.426644844140749e-06
21891.99951171875 1.1877795508920605e-05
21901.99951171875 1.1099923002371684e-05
21911.99951171875 8.54604229378066e-06
21921.99951171875 4.63490260150797e-06
21931.99951171875 6.3380577942867346e-06
21941.99951171875 8.284027901454299e-06
21951.99951171875 1.0015149701172042e-05
21961.99951171875 1.0224154209610536e-05
21971.99951171875 1.0233233169289664e-05
21981.99951171875 1.604678510358971e-05
21991.99951171875 1.2328798159802544e-05
22001.99951171875 9.582937391921939e-06
22011.99951171875 4.965598808008311e-06
22021.99951171875 1.0116381959818855e-05
22031.99951171875 1.1383820882054164e-05
22041.99951171875 1.4766584526655969e-05
22051.99951171875 1.328826594879575e-05
22061.99951171875 1.2634642306554179e-05
22071.99951171875 9.138183237598437e-06
22081.99951171875 6.969731372225659e-06
22091.99951171875 7.109521584265815e-06
22101.99951171875 7.180279840164424e-06
22111.99951171875 9.283847464740044e-06
22121.99951171875 1.3624511985033276e-05
22131.99951171875 1.716426900663746e-05
22141.99951171875 1.618732270293829e-05
22151.99951171875 1.4165380596290541e-05
22161.99951171875 9.771169408268582e-06
22171.99951171875 1.1758205067370072e-05
22181.99951171875 1.219697617514771e-05
22191.99951171875 1.110028741864019e-05
22201.99951171875 8.80466086967088e-06
22211.99951171875 7.819939990327025e-06
22221.99951171875 1.02525078119532e-05
22231.99951171875 1.0662712546689043e-05
22241.99951171875 1.04211956839891e-05
22251.99951171875 1.3190139524233283e-05
22261.99951171875 1.4237345826840752e-05
22271.99951171875 1.4990309471734647e-05
22281.99951171875 1.176497811883154e-05
22291.99951171875 1.3172962276395933e-05
22301.99951171875 1.2963615748335859e-05
22311.99951171875 1.4194579383174792e-05
22321.99951171875 1.2349282330731068e-05
22331.99951171875 1.6382281198079148e-05
22341.99951171875 1.835122663098366e-05
22351.99951171875 1.842467832659401e-05
22361.99951171875 1.850110097345073e-05
22371.99951171875 1.9395738232169012e-05
22381.99951171875 1.9396280786639032e-05
22391.99951171875 1.901725560061911e-05
22401.99951171875 1.757778289662829e-05
22411.99951171875 1.9485176431481276e-05
22421.99951171875 1.953878612846508e-05
22431.99951171875 2.23947679765196e-05
22441.99951171875 2.719632079653721e-05
22451.99951171875 2.480083926366054e-05
22461.99951171875 2.133288189671442e-05
22471.99951171875 1.983576301105858e-05
22481.99951171875 2.1364834369560467e-05
22491.99951171875 2.27021286107215e-05
22501.99951171875 2.4908397442574415e-05
22511.99951171875 1.9682011251598786e-05
22521.99951171875 1.95125712035529e-05
22531.99951171875 1.3905346597892315e-05
22541.99951171875 1.6376784138785283e-05
22551.99951171875 1.8306459125541856e-05
22561.99951171875 1.6851284429736184e-05
22571.99951171875 2.2496084041888245e-05
22581.99951171875 2.1893414628547244e-05
22591.99951171875 2.8022659982150714e-05
22601.99951171875 2.6648930979921748e-05
22611.99951171875 2.4427685585992713e-05
22621.99951171875 2.097623433251273e-05
22631.99951171875 1.6189097980756474e-05
22641.99951171875 1.5427607992234663e-05
22651.99951171875 1.0971342728213477e-05
22661.99951171875 1.1201327657513606e-05
22671.99951171875 1.0438449357974623e-05
22681.99951171875 1.5609603248858123e-05
22691.99951171875 1.5241730262994488e-05
22701.99951171875 1.6051571145588448e-05
22711.99951171875 1.618924129075274e-05
22721.99951171875 1.6946956977727856e-05
22731.99951171875 1.5607394402676704e-05
22741.99951171875 1.3532499502675411e-05
22751.99951171875 1.115667130556793e-05
22761.99951171875 1.0085965049433113e-05
22771.99951171875 9.891722251024e-06
22781.99951171875 1.614496392756092e-05
22791.99951171875 1.566666083206792e-05
22801.99951171875 1.5190383704265743e-05
22811.99951171875 9.965263708175709e-06
22821.99951171875 1.1924183873559898e-05
22831.99951171875 1.0428460246603086e-05
22841.99951171875 1.2007175589285459e-05
22851.99951171875 1.007269404811426e-05
22861.99951171875 1.0078286164341454e-05
22871.99951171875 7.88154757672978e-06
22881.99951171875 8.106280964254305e-06
22891.99951171875 6.639994016169221e-06
22901.99951171875 9.323789004358164e-06
22911.99951171875 8.870753697125525e-06
22921.99951171875 9.581935627592108e-06
22931.99951171875 8.299995742880832e-06
22941.99951171875 9.422825185099022e-06
22951.99951171875 8.136160011965291e-06
22961.99951171875 7.579485901635957e-06
22971.99951171875 6.640934133541853e-06
22981.99951171875 7.377704869642003e-06
22991.99951171875 6.53125144191079e-06
23001.99951171875 7.1749031292887e-06
23011.99951171875 6.7149124972444924e-06
23021.99951171875 6.605328019959438e-06
23031.99951171875 6.07695006238616e-06
23041.99951171875 6.912365263331182e-06
23051.99951171875 6.1559336657695975e-06
23061.99951171875 6.858791264727927e-06
23071.99951171875 5.277323567813065e-06
23081.99951171875 6.989684949314989e-06
23091.99951171875 5.833281863318071e-06
23101.99951171875 5.653186022322505e-06
23111.99951171875 4.438120357177169e-06
23121.99951171875 4.378229780223237e-06
23131.99951171875 4.7683134010810055e-06
23141.99951171875 4.2284756892376e-06
23151.99951171875 5.291783535189134e-06
23161.99951171875 5.684315223265303e-06
23171.99951171875 4.923891206999463e-06
23181.99951171875 4.484100407103463e-06
23191.99951171875 4.53001272257704e-06
23201.99951171875 6.674989858463052e-06
23211.99951171875 5.958755070235133e-06
23221.99951171875 5.126134973934164e-06
23231.99951171875 5.255355142987175e-06
23241.99951171875 5.2523041668064395e-06
23251.99951171875 5.849143368972142e-06
23261.99951171875 4.207966549608608e-06
23271.99951171875 3.9816923309928415e-06
23281.99951171875 3.642955799275104e-06
23291.99951171875 3.23593976732194e-06
23301.99951171875 3.398732665495655e-06
23311.99951171875 3.7695263320415676e-06
23321.99951171875 3.593505739524864e-06
23331.99951171875 3.1130529837428074e-06
23341.99951171875 2.737525302210992e-06
23351.99951171875 2.7009646888027635e-06
23361.99951171875 2.7180698019416244e-06
23371.99951171875 2.556703575986948e-06
23381.99951171875 3.1060428468989495e-06
23391.99951171875 3.2272897308761364e-06
23401.99951171875 2.9672664523679077e-06
23411.99951171875 2.628794116218018e-06
23421.99951171875 2.3344710834623924e-06
23431.99951171875 2.766019676984223e-06
23441.99951171875 2.616179627245344e-06
23451.99951171875 2.858079841384645e-06
23461.99951171875 2.664368108044356e-06
23471.99951171875 2.9724433018212674e-06
23481.99951171875 2.450440839598034e-06
23491.99951171875 2.6162369159636946e-06
23501.99951171875 2.4334144183468704e-06
23511.99951171875 2.9853504714137534e-06
23521.99951171875 2.9727140035080084e-06
23531.99951171875 2.909469053587903e-06
23541.99951171875 2.973152637071328e-06
23551.99951171875 2.8562071419609752e-06
23561.99951171875 2.374242606068419e-06
23571.99951171875 2.313133226906054e-06
23581.99951171875 2.355887289296918e-06
23591.99951171875 2.7981510033032513e-06
23601.99951171875 2.92221617608672e-06
23611.99951171875 2.408445530032296e-06
23621.99951171875 2.3708572355691727e-06
23631.99951171875 1.7447303939327557e-06
23641.99951171875 1.6741521548349529e-06
23651.99951171875 1.371422098866294e-06
23661.99951171875 1.4614297628974025e-06
23671.99951171875 1.2830427523091803e-06
23681.99951171875 1.120439663326216e-06
23691.99951171875 9.024833891396957e-07
23701.99951171875 8.136774885995382e-07
23711.99951171875 9.322729699176709e-07
23721.99951171875 7.95913229775783e-07
23731.99951171875 6.785354852848182e-07
23741.99951171875 4.2903720425335677e-07
23751.99951171875 3.648711735203228e-07
23761.99951171875 3.719967392041931e-07
23771.99951171875 3.945311250327415e-07
23781.99951171875 4.70737667092859e-07
23791.99951171875 4.947407560512807e-07
23801.99951171875 4.3643406075914095e-07
23811.99951171875 3.264870138437964e-07
23821.99951171875 2.442529227691922e-07
23831.99951171875 3.047982253262085e-07
23841.99951171875 3.0426562331747294e-07
23851.99951171875 2.926142546040522e-07
23861.99951171875 2.4456259133203934e-07
23871.99951171875 2.5666441565216243e-07
23881.99951171875 2.2749986781038166e-07
23891.99951171875 1.873364485564029e-07
23901.99951171875 1.4700250635032734e-07
23911.99951171875 1.0705248387541999e-07
23921.99951171875 9.09757598060293e-08
23931.99951171875 8.779908991605762e-08
23941.99951171875 1.0533684553177182e-07
23951.99951171875 9.316737827411979e-08
23961.99951171875 8.386914341256236e-08
23971.99951171875 9.790691089765344e-08
23981.99951171875 1.0038848008747082e-07
23991.99951171875 9.439325489684752e-08
24001.99951171875 7.19097488158378e-08
24011.99951171875 6.251594961259104e-08
24021.99951171875 5.1337166624286217e-08
24031.99951171875 4.681034217828845e-08
24041.99951171875 4.470962553627524e-08
24051.99951171875 4.060611345571753e-08
24061.99951171875 3.5129182270492985e-08
24071.99951171875 2.9221076617190198e-08
24081.99951171875 2.871874454091551e-08
24091.99951171875 2.9260249285045786e-08
24101.99951171875 2.4413977823666374e-08
24111.99951171875 1.7351706498581898e-08
24121.99951171875 1.2231025675078546e-08
24131.99951171875 1.1715434665513243e-08
24141.99951171875 1.1357220970868838e-08
24151.99951171875 1.1898921167082587e-08
24161.99951171875 1.0524814998690368e-08
24171.99951171875 9.745126782528933e-09
24181.99951171875 8.2000932757865e-09
24191.99951171875 7.036311431313796e-09
24201.99951171875 6.328385740910366e-09
24211.99951171875 5.5238006091301215e-09
24221.99951171875 5.573953426751932e-09
24231.99951171875 5.84574535477884e-09
24241.99951171875 4.918503411438264e-09
24251.99951171875 4.000770010476694e-09
24261.99951171875 2.57919329478005e-09
24271.99951171875 2.7398736311649447e-09
24281.99951171875 2.4775304501156216e-09
24291.99951171875 2.578058460107404e-09
24301.99951171875 1.9497122396877595e-09
24311.99951171875 2.2467612683166253e-09
24321.99951171875 2.1508045596862013e-09
24331.99951171875 2.1308854465112186e-09
24341.99951171875 1.7401007656085303e-09
24351.99951171875 1.3653808279699886e-09
24361.99951171875 1.3156538538855917e-09
24371.99951171875 9.89794181317638e-10
24381.99951171875 8.929756244502272e-10
24391.99951171875 6.981290179581976e-10
24401.99951171875 7.318980735513224e-10
24411.99951171875 8.227571490227089e-10
24421.99951171875 7.243049336876877e-10
24431.99951171875 7.072917931662837e-10
24441.99951171875 5.462828000657763e-10
24451.99951171875 5.412994287193358e-10
24461.99951171875 4.288066541713322e-10
24471.99951171875 4.4116492049894366e-10
24481.99951171875 3.817834667547692e-10
24491.99951171875 3.496925348757893e-10
24501.99951171875 2.629353217129119e-10
24511.99951171875 2.1944715056130607e-10
24521.99951171875 2.4841945699848543e-10
24531.99951171875 2.5541458394059024e-10
24541.99951171875 2.5331094199401237e-10
24551.99951171875 2.2186293874706422e-10
24561.99951171875 1.8918828079150892e-10
24571.99951171875 1.5180252300399055e-10
24581.99951171875 1.3494825609650505e-10
24591.99951171875 1.1547758966382624e-10
24601.99951171875 1.1987311406762118e-10
24611.99951171875 7.610068275001024e-11
24621.99951171875 8.328417161587017e-11
24631.99951171875 7.736668323914889e-11
24641.99951171875 8.162514407169036e-11
24651.99951171875 7.500783062324989e-11
24661.99951171875 6.446324472847296e-11
24671.99951171875 5.7609158219716077e-11
24681.99951171875 4.821293035335402e-11
24691.99951171875 4.736850425284501e-11
24701.99951171875 4.418112737666609e-11
24711.99951171875 3.4949193833181975e-11
24721.99951171875 3.266231856346809e-11
24731.99951171875 3.501207690605298e-11
24741.99951171875 3.541036212600003e-11
24751.99951171875 3.110769745387102e-11
24761.99951171875 2.482533005370987e-11
24771.99951171875 2.2352762587351243e-11
24781.99951171875 2.044631421270475e-11
24791.99951171875 1.7970803253740563e-11
24801.99951171875 1.7087518433333357e-11
24811.99951171875 1.59791801123013e-11
24821.99951171875 1.7959122137773716e-11
24831.99951171875 1.2760109864701462e-11
24841.99951171875 1.0354575704347388e-11
24851.99951171875 7.059831960378276e-12
24861.99951171875 8.269605253099766e-12
24871.99951171875 8.203083963552706e-12
24881.99951171875 6.037007412388422e-12
24891.99951171875 5.203854471383326e-12
24901.99951171875 4.48887560076329e-12
24911.99951171875 5.7872066758932065e-12
24921.99951171875 5.6582140487248844e-12
24931.99951171875 5.31758345495418e-12
24941.99951171875 4.063260391264693e-12
24951.99951171875 4.192248606313368e-12
24961.99951171875 3.5584926434178638e-12
24971.99951171875 3.5380163775501754e-12
24981.99951171875 3.0311328259136305e-12
24991.99951171875 2.7113355521254276e-12
25001.99951171875 2.441625230517386e-12
25011.99951171875 1.9656934344255262e-12
25021.99951171875 2.0926202297461715e-12
25031.99951171875 2.082041309527164e-12
25041.99951171875 2.060373407541738e-12
25051.99951171875 1.6701918098046152e-12
25061.99951171875 1.5081704014249287e-12
25071.99951171875 1.3403169157999586e-12
25081.99951171875 1.1319087125571078e-12
25091.99951171875 1.1615704990284109e-12
25101.99951171875 1.1675207587735613e-12
25111.99951171875 1.1586158233489828e-12
25121.99951171875 1.006502735215786e-12
25131.99951171875 9.408807347566046e-13
25141.99951171875 1.1367443633469273e-12
25151.99951171875 9.491378863441778e-13
25161.99951171875 9.769512652823394e-13
25171.99951171875 7.41259064490091e-13
25181.99951171875 8.243164424351352e-13
25191.99951171875 6.290396930482855e-13
25201.99951171875 6.15896643749379e-13
25211.99951171875 4.841123742921511e-13
25221.99951171875 5.285167040828663e-13
25231.99951171875 4.859650356206587e-13
25241.99951171875 5.107927287609669e-13
25251.99951171875 4.334757320195374e-13
25261.99951171875 4.10501964703224e-13
25271.99951171875 3.8697070547005473e-13
25281.99951171875 3.502933371643645e-13
25291.99951171875 3.215474017503476e-13
25301.99951171875 2.8156737407112967e-13
25311.99951171875 2.9021101315134906e-13
25321.99951171875 2.6280595892013564e-13
25331.99951171875 2.765522342672099e-13
25341.99951171875 2.257048408361967e-13
25351.99951171875 2.2339547103078007e-13
25361.99951171875 1.621824615079568e-13
25371.99951171875 1.5430448255973927e-13
25381.99951171875 1.584138165829065e-13
25391.99951171875 1.713626034287415e-13
25401.99951171875 1.6861723864732116e-13
25411.99951171875 1.4629534721997628e-13
25421.99951171875 1.5385557535843394e-13
25431.99951171875 1.485457839234187e-13
25441.99951171875 1.3923468829872314e-13
25451.99951171875 1.0442282523921724e-13
25461.99951171875 9.533041851437367e-14
25471.99951171875 9.582395404332705e-14
25481.99951171875 9.194043261686744e-14
25491.99951171875 7.921252516992018e-14
25501.99951171875 7.060813526640888e-14
25511.99951171875 6.905049515285897e-14
25521.99951171875 6.391920546892291e-14
25531.99951171875 5.576057916370932e-14
25541.99951171875 4.917732548740875e-14
25551.99951171875 5.436409947449703e-14
25561.99951171875 5.240062771838488e-14
25571.99951171875 4.94191222585609e-14
25581.99951171875 3.0608310206436426e-14
25591.99951171875 2.7033381930377878e-14
25601.99951171875 2.257004489532882e-14
25611.99951171875 2.608168102853833e-14
25621.99951171875 2.5084015416074434e-14
25631.99951171875 2.144261634253719e-14
25641.99951171875 2.3542661265357562e-14
25651.99951171875 2.3177459153624078e-14
25661.99951171875 2.207202895736158e-14
25671.99951171875 1.7610244496312303e-14
25681.99951171875 1.8041939322688428e-14
25691.99951171875 1.7375277789330434e-14
25701.99951171875 1.3757468365941884e-14
25711.99951171875 9.498824495586274e-15
25721.99951171875 7.843355199008162e-15
25731.99951171875 9.507837897840676e-15
25741.99951171875 9.22541909873106e-15
25751.99951171875 9.224805139263586e-15
25761.99951171875 9.733835862881348e-15
25771.99951171875 8.668808191712922e-15
25781.99951171875 8.781992795539818e-15
25791.99951171875 7.471362554418611e-15
25801.99951171875 6.697979564793018e-15
25811.99951171875 5.422943630751847e-15
25821.99951171875 4.8497285988870146e-15
25831.99951171875 4.877223714042776e-15
25841.99951171875 4.83126793450021e-15
25851.99951171875 4.288794355930515e-15
25861.99951171875 3.752628981124483e-15
25871.99951171875 3.093475993384907e-15
25881.99951171875 2.783684544278871e-15
25891.99951171875 2.984688171953263e-15
25901.99951171875 2.6949824475881353e-15
25911.99951171875 2.3954941349095234e-15
25921.99951171875 1.9600687679926667e-15
25931.99951171875 1.858790257025301e-15
25941.99951171875 2.2649797660505265e-15
25951.99951171875 1.8728473059563275e-15
25961.99951171875 1.706490929888943e-15
25971.99951171875 1.2373030812060958e-15
25981.99951171875 1.1984194332648326e-15
