5507.899780273438 1.2477017817643674e-09
5517.899780273438 1.6349011787111878e-09
5527.899780273438 1.89296167402396e-10
5537.899780273438 1.0311255156554884e-09
5547.899780273438 1.4255593734586478e-09
5557.899780273438 1.040653444986373e-09
5567.899780273438 1.1326587100825956e-09
5577.899780273438 2.741266421598868e-10
5587.899780273438 1.4967155876246849e-09
5597.899780273438 1.52584661907194e-09
5607.899780273438 6.628226585968208e-11
5617.899780273438 5.444676580310284e-10
5627.899780273438 9.56806999779974e-10
5637.899780273438 1.5013622437200998e-09
5647.899780273438 4.3268195589748375e-10
5657.899780273438 2.3844279043185296e-09
5667.899780273438 2.158050436425732e-10
5677.899780273438 3.509196903706014e-09
5687.899780273438 1.7631497846869231e-09
5697.899780273438 1.5079422785185992e-09
5707.899780273438 2.921171559340556e-09
5717.899780273438 1.0579141175137472e-09
5727.899780273438 1.0418497721296585e-09
5737.899780273438 2.3692049602202726e-09
5747.899780273438 1.3909374972676384e-09
5757.899780273438 1.63004766166205e-09
5767.899780273438 6.19634051718305e-10
5777.899780273438 4.948715263685446e-09
5787.899780273438 3.665095118551722e-09
5797.899780273438 3.2821426447542336e-09
5807.899780273438 2.261628133753266e-09
5817.899780273438 3.601097393914326e-10
5827.899780273438 3.0809223771612965e-09
5837.899780273438 6.20610483452232e-09
5847.899780273438 4.726918896556461e-09
5857.899780273438 1.0292424141331335e-08
5867.899780273438 4.297158588699683e-09
5877.899780273438 5.754194026724069e-09
5887.899780273438 2.943952885584903e-09
5897.899780273438 8.788848401428999e-09
5907.899780273438 3.9112564650095723e-10
5917.899780273438 8.051709581561074e-09
5927.899780273438 1.0015699419995303e-08
5937.899780273438 1.6155456700861713e-08
5947.899780273438 1.0071102802129222e-08
5957.899780273438 1.2041537129575463e-08
5967.899780273438 3.17983585332572e-08
5977.899780273438 4.1029048352361635e-09
5987.899780273438 7.534415083518019e-09
5997.899780273438 3.775768037301891e-09
6007.899780273438 1.3084006547848117e-08
6017.899780273438 1.3701964337653218e-08
6027.899780273438 1.8641625116207096e-08
6037.899780273438 3.2548123090343235e-08
6047.899780273438 4.289019888502611e-09
6057.899780273438 8.298323677268393e-09
6067.899780273438 1.60431537212267e-08
6077.899780273438 6.931166515144355e-09
6087.899780273438 8.9999694130235e-09
6097.899780273438 5.144278639345265e-09
6107.899780273438 7.868398706644147e-09
6117.899780273437 6.033780867090971e-09
6127.899780273437 1.370428267327188e-08
6137.899780273437 1.943350841462304e-08
6147.899780273437 6.2749137167099985e-09
6157.899780273437 1.6588005392540367e-08
6167.899780273437 2.3216831279156696e-08
6177.899780273437 1.7002404037813935e-08
6187.899780273437 1.4039870451900447e-08
6197.899780273437 1.9648913160239034e-08
6207.899780273437 1.9985041130789374e-08
6217.899780273437 2.1196940548922933e-08
6227.899780273437 1.5165787096407933e-08
6237.899780273437 2.1103928911283035e-08
6247.899780273437 1.4489563589642695e-08
6257.899780273437 9.751938378818122e-09
6267.899780273437 3.443573486192067e-08
6277.899780273437 1.3148717243102393e-09
6287.899780273437 1.381311816892441e-08
6297.899780273437 7.139869527263615e-09
6307.899780273437 2.433556172805969e-08
6317.899780273437 1.3403890878057528e-08
6327.899780273437 5.371653061891415e-09
6337.899780273437 1.2203775063416527e-08
6347.899780273437 8.450493342385312e-09
6357.899780273437 5.667637225635821e-08
6367.899780273437 2.2633953882147953e-08
6377.899780273437 1.5654868155859754e-08
6387.899780273437 2.1564794632324358e-08
6397.899780273437 4.5737228198918026e-08
6407.899780273437 2.014689639705719e-08
6417.899780273437 1.8547954071207923e-08
6427.899780273437 2.623997357170105e-08
6437.899780273437 2.1331718688019573e-08
6447.899780273437 2.3402905752016782e-08
6457.899780273437 2.9698691204301095e-08
6467.899780273437 1.2610919645611919e-08
6477.899780273437 2.465677421173896e-08
6487.899780273437 1.697638028049629e-08
6497.899780273437 3.4889201441549e-08
6507.899780273437 1.869382941750932e-08
6517.899780273437 2.4145127374211612e-08
6527.899780273437 2.4544871118506342e-08
6537.899780273437 3.576522117959652e-08
6547.899780273437 3.147707675266171e-08
6557.899780273437 2.7874458732208555e-08
6567.899780273437 3.829620737298195e-08
6577.899780273437 5.422271876653592e-08
6587.899780273437 1.711424483512004e-08
6597.899780273437 3.946746542217424e-08
6607.899780273437 4.297458002019604e-08
6617.899780273437 5.63116521690373e-08
6627.899780273437 3.539716742346937e-08
6637.899780273437 4.458659370060618e-08
6647.899780273437 4.107399403587462e-08
6657.899780273437 4.082417154594161e-08
6667.899780273437 4.183395359728242e-08
6677.899780273437 8.491954309570017e-08
6687.899780273437 6.973745538786872e-08
6697.899780273437 5.921718534362851e-08
6707.899780273437 5.9799684934407e-08
6717.899780273437 5.2022286156437714e-08
6727.899780273437 6.719746623121655e-08
6737.899780273438 5.125395104136672e-08
6747.899780273438 4.0302068347245347e-08
6757.899780273438 4.188351080898476e-08
6767.899780273438 5.889494979944019e-08
6777.899780273438 5.118799300392938e-08
6787.899780273438 6.102846693247023e-08
6797.899780273438 8.990272241499377e-08
6807.899780273438 7.628700021820898e-08
6817.899780273438 6.683381340686173e-08
6827.899780273438 5.644418212402647e-08
6837.899780273438 5.138965829057722e-08
6847.899780273438 6.886485265712814e-08
6857.899780273438 8.129578264486343e-08
6867.899780273438 5.717064272502819e-08
6877.899780273438 6.148245271639846e-08
6887.899780273438 5.25311667277879e-08
6897.899780273438 7.524540995738637e-08
6907.899780273438 7.796843982686888e-08
6917.899780273438 7.446234108856139e-08
6927.899780273438 6.044931904206673e-08
6937.899780273438 6.798866285271715e-08
6947.899780273438 6.848704012639411e-08
6957.899780273438 7.855721225624947e-08
6967.899780273438 8.173892424408885e-08
6977.899780273438 7.780335989166329e-08
6987.899780273438 6.481771853439601e-08
6997.899780273438 3.805940088035531e-08
7007.899780273438 6.814438143765127e-08
7017.899780273438 8.065580297850376e-08
7027.899780273438 6.131224717403447e-08
7037.899780273438 7.031032712867068e-08
7047.899780273438 7.318149977215452e-08
7057.899780273438 7.18749463501057e-08
7067.899780273438 6.902335516818566e-08
7077.899780273438 6.172395777135894e-08
7087.899780273438 6.418913227772004e-08
7097.899780273438 5.686076357985506e-08
7107.899780273438 4.974195630598006e-08
7117.899780273438 3.377600077205212e-08
7127.899780273438 4.5072674628830164e-08
7137.899780273438 7.024836977792533e-08
7147.899780273438 5.5654610133933544e-08
7157.899780273438 6.990350352713145e-08
7167.899780273438 6.283329137740879e-08
7177.899780273438 8.711284947536814e-08
7187.899780273438 7.253442108090524e-08
7197.899780273438 8.060555457409658e-08
7207.899780273438 8.328634297290145e-08
7217.899780273438 8.164958619362625e-08
7227.899780273438 9.090261374648544e-08
7237.899780273438 8.446284437803455e-08
7247.899780273438 9.305461413392964e-08
7257.899780273438 1.002889733496022e-07
7267.899780273438 5.6080583003454366e-08
7277.899780273438 6.668281177996447e-08
7287.899780273438 7.114068924225376e-08
7297.899780273438 4.960071696277294e-08
7307.899780273438 6.047970690302793e-08
7317.899780273438 3.765446122587566e-08
7327.899780273438 7.271037097953417e-08
7337.899780273438 6.741721250515968e-08
7347.899780273438 7.052002333509742e-08
7357.899780273438 7.24451067307377e-08
7367.899780273437 7.787216641963274e-08
7377.899780273437 1.0118781089208906e-07
7387.899780273437 9.572610602927982e-08
7397.899780273437 8.231552787219685e-08
7407.899780273437 8.851744618794894e-08
7417.899780273437 7.600960908589011e-08
7427.899780273437 9.287853672420545e-08
7437.899780273437 5.704829456355105e-08
7447.899780273437 6.673714236600914e-08
7457.899780273437 4.1607705731204044e-08
7467.899780273437 5.001686915260015e-08
7477.899780273437 5.8894360306339636e-08
7487.899780273437 9.000171092220882e-08
7497.899780273437 1.0607314048472467e-07
7507.899780273437 1.0469882884518741e-07
7517.899780273437 1.0981676178471668e-07
7527.899780273437 9.070122583026861e-08
7537.899780273437 1.029490122334092e-07
7547.899780273437 8.456125065193297e-08
7557.899780273437 5.930895688242838e-08
7567.899780273437 1.015077690900916e-07
7577.899780273437 9.002750435335035e-08
7587.899780273437 8.227158281548857e-08
7597.899780273437 6.77726479666772e-08
7607.899780273437 7.71762808149102e-08
7617.899780273437 6.147748561265325e-08
7627.899780273437 6.809486914881202e-08
7637.899780273437 6.754319961973985e-08
7647.899780273437 8.490973252105011e-08
7657.899780273437 9.169104239603742e-08
7667.899780273437 8.30563131283099e-08
7677.899780273437 7.330124795910268e-08
7687.899780273437 6.897735874713721e-08
7697.899780273437 7.642651110494624e-08
7707.899780273437 9.858212568065692e-08
7717.899780273437 8.071138564287316e-08
7727.899780273437 6.084740835671518e-08
7737.899780273437 7.456624718261217e-08
7747.899780273437 7.765067262519625e-08
7757.899780273437 6.483939078075102e-08
7767.899780273437 4.476362178277191e-08
7777.899780273437 4.9638773997319425e-08
7787.899780273437 6.65014208061928e-08
7797.899780273437 7.02428223716389e-08
7807.899780273437 4.016619518050088e-08
7817.899780273437 9.148679816631636e-08
7827.899780273437 6.137048658185933e-08
7837.899780273437 1.1265510208040399e-07
7847.899780273437 6.203542461098239e-08
7857.899780273437 4.786464541705563e-08
7867.899780273437 4.191018680211106e-08
7877.899780273437 8.380907318145152e-08
7887.899780273437 7.223052061978007e-08
7897.899780273437 3.549316577958365e-08
7907.899780273437 6.64108088035144e-08
7917.899780273437 4.4667471899254024e-08
7927.899780273437 7.294582890126476e-08
7937.899780273437 2.9881058902700376e-08
7947.899780273437 3.3858727039539215e-08
7957.899780273437 3.153986629184008e-08
7967.899780273437 1.748570961361063e-08
7977.899780273437 4.776771036203055e-08
7987.899780273438 2.709564378264782e-08
7997.899780273438 5.471614181461996e-08
8007.899780273438 6.956875336614175e-08
8017.899780273438 7.149623748938822e-08
8027.899780273438 3.969160361954067e-08
8037.899780273438 6.52436051602217e-08
8047.899780273438 2.0563330464724983e-08
8057.899780273438 5.3289910917156225e-08
8067.899780273438 3.949992491073457e-08
8077.899780273438 2.987867768254879e-08
8087.899780273438 5.149655032139447e-08
8097.899780273438 2.735302867284558e-08
8107.899780273438 6.401040396097289e-08
8117.899780273438 1.0405937726565262e-08
8127.899780273438 7.258885081172933e-08
8137.899780273438 4.913504247990869e-08
8147.899780273438 6.981644020098071e-08
8157.899780273438 1.0429631331168845e-07
8167.899780273438 4.83550610583214e-08
8177.899780273438 4.5610392683354883e-08
8187.899780273438 5.719411892775407e-08
8197.899780273438 8.444556012161526e-08
8207.899780273438 5.1336053986242466e-08
8217.899780273438 9.600529579826007e-08
8227.899780273438 9.845053650444005e-08
8237.899780273438 3.756102093171883e-08
8247.899780273438 5.216344143679599e-08
8257.899780273438 6.625023542079389e-08
8267.899780273438 9.282225497374761e-09
8277.899780273438 3.467235069682207e-08
8287.899780273438 7.463619294385592e-08
8297.899780273438 7.457513388221631e-08
8307.899780273438 6.2929277547411e-08
8317.899780273438 5.845827353998718e-08
8327.899780273438 6.714828251754717e-08
8337.899780273438 1.0984520535056901e-07
8347.899780273438 1.2561286422791522e-07
8357.899780273438 1.4926547889089585e-07
8367.899780273438 8.79368664781217e-08
8377.899780273438 6.4064634796695e-08
8387.899780273438 1.2413124245485113e-07
8397.899780273438 1.3783723271306144e-07
8407.899780273438 9.777958699399393e-08
8417.899780273438 3.845429570068102e-08
8427.899780273438 7.968588055209302e-08
8437.899780273438 1.0888615714349005e-07
8447.899780273438 1.021062466860963e-07
8457.899780273438 1.3412882228809175e-07
8467.899780273438 7.364196471827573e-08
8477.899780273438 1.1571600511105043e-07
8487.899780273438 1.4764519353383516e-07
8497.899780273438 9.611708760698117e-08
8507.899780273438 1.1266323708290795e-07
8517.899780273438 1.3002319217985679e-07
8527.899780273438 9.56244529729272e-08
8537.899780273438 5.175424084236128e-08
8547.899780273438 1.7643742274410963e-07
8557.899780273438 1.5017713737589573e-07
8567.899780273438 1.4323306618540423e-07
8577.899780273438 1.1133170489421676e-07
8587.899780273438 6.095093353024656e-09
8597.899780273438 1.1448118588585661e-07
8607.899780273438 2.0953991410448018e-07
8617.899780273437 1.8160873742264802e-07
8627.899780273437 1.5063523749794077e-07
8637.899780273437 9.254342916180323e-08
8647.899780273437 8.008896271129633e-08
8657.899780273437 5.282655418151466e-08
8667.899780273437 7.77608168543871e-08
8677.899780273437 3.049977872435348e-11
8687.899780273437 7.275804558784986e-08
8697.899780273437 3.055712406816107e-11
8707.899780273437 3.0611433162951483e-11
8717.899780273437 3.0682946356305676e-11
8727.899780273437 8.430928314371457e-08
8737.899780273437 3.0761246266588344e-11
8747.899780273437 1.0385007247097858e-07
8757.899780273437 2.880540952885236e-07
8767.899780273437 3.4570282288492454e-07
8777.899780273437 3.0941541682842406e-11
8787.899780273437 3.0964514438377714e-11
8797.899780273437 3.5730854243422717e-07
8807.899780273437 8.427167336777557e-08
8817.899780273437 7.672962633077078e-08
8827.899780273437 2.904114381907932e-07
8837.899780273437 3.0301982865790694e-07
8847.899780273437 2.4120825484240417e-07
8857.899780273437 6.530751347661294e-07
8867.899780273437 4.3647109790809973e-07
8877.899780273437 8.218380420761598e-09
8887.899780273437 6.323091348119117e-07
8897.899780273437 3.1241632476159875e-11
8907.899780273437 8.835207396492464e-07
8917.899780273437 3.137063907444679e-11
8927.899780273437 3.139915915130595e-11
8937.899780273437 7.963557087116975e-07
8947.899780273437 3.1465137439267556e-11
8957.899780273437 1.4424921716296172e-06
8967.899780273437 3.145433200169832e-11
8977.899780273437 1.2999029042577044e-07
8987.899780273437 3.9041081008234326e-08
8997.899780273437 1.1352185211504842e-07
9007.899780273437 2.0039849721990606e-08
9017.899780273437 7.333691714628225e-08
9027.899780273437 3.031839995143882e-08
9037.899780273437 8.479975042983667e-08
9047.899780273437 1.3547969129920148e-07
9057.899780273437 1.366194097184854e-07
9067.899780273437 9.539609377212519e-08
9077.899780273437 5.929856325214697e-08
9087.899780273437 9.68725900698936e-08
9097.899780273437 1.1859264323759392e-07
9107.899780273437 1.8198703755857875e-08
9117.899780273437 1.1222015662757456e-07
9127.899780273437 1.8777742409232546e-07
9137.899780273437 8.145594152783542e-08
9147.899780273437 1.3056277084522484e-07
9157.899780273437 8.270821819139265e-08
9167.899780273437 1.3113789046483296e-07
9177.899780273437 1.1663030874603908e-07
9187.899780273437 7.08999273129246e-08
9197.899780273437 1.5786760417002412e-07
9207.899780273437 1.1483867805209868e-07
9217.899780273437 1.2135983284693008e-07
9227.899780273437 1.703478485255706e-07
9237.899780273438 1.1801179069671042e-07
9247.899780273438 1.5922499586503224e-07
9257.899780273438 1.4644037273484667e-07
9267.899780273438 7.651891981857248e-08
9277.899780273438 1.793980045192986e-07
9287.899780273438 2.4083254301456254e-07
9297.899780273438 2.431386508592775e-07
9307.899780273438 1.2547100475463935e-07
9317.899780273438 2.1356313495925105e-07
9327.899780273438 2.470092956735433e-07
9337.899780273438 1.4769329234266416e-07
9347.899780273438 2.1541259614176114e-07
9357.899780273438 2.2749865224193148e-07
9367.899780273438 2.43468621931813e-07
9377.899780273438 2.0033660754289712e-07
9387.899780273438 2.4898457390020874e-07
9397.899780273438 1.61122345546784e-07
9407.899780273438 1.8153013655709286e-07
9417.899780273438 1.5174309016605217e-07
9427.899780273438 2.1602994127879728e-07
9437.899780273438 2.0608936435377642e-07
9447.899780273438 1.5692401733397693e-07
9457.899780273438 1.1482171221766289e-07
9467.899780273438 2.2816812956728443e-07
9477.899780273438 2.3730491174137696e-07
9487.899780273438 2.3164963066217067e-07
9497.899780273438 1.4811657290632455e-07
9507.899780273438 2.5473997478001403e-07
9517.899780273438 2.2530932756836937e-07
9527.899780273438 2.53522504610778e-07
9537.899780273438 3.085624930235038e-07
9547.899780273438 2.3408744363304377e-07
9557.899780273438 2.323493688514487e-07
9567.899780273438 2.543124801124837e-07
9577.899780273438 3.366538223328922e-07
9587.899780273438 2.7020299460862243e-07
9597.899780273438 2.0053000631675814e-07
9607.899780273438 2.242438959863529e-07
9617.899780273438 2.407793892722736e-07
9627.899780273438 1.3907607822504785e-07
9637.899780273438 2.159584280428817e-07
9647.899780273438 2.0491480755109474e-07
9657.899780273438 2.640609280906531e-07
9667.899780273438 2.267267597976527e-07
9677.899780273438 1.8346958541990093e-07
9687.899780273438 3.142389117243557e-07
9697.899780273438 2.707532293875392e-07
9707.899780273438 2.4620843748857377e-07
9717.899780273438 2.7772365071760137e-07
9727.899780273438 3.1492740800723975e-07
9737.899780273438 2.1935208204121313e-07
9747.899780273438 2.223153132672417e-07
9757.899780273438 2.7525490476359547e-07
9767.899780273438 2.2828464146437388e-07
9777.899780273438 1.778623848024967e-07
9787.899780273438 1.131587208915417e-07
9797.899780273438 2.15975522958046e-07
9807.899780273438 1.926233453923416e-07
9817.899780273438 2.2441546412748376e-07
9827.899780273438 1.3888911027824397e-07
9837.899780273438 1.5938549701226988e-07
9847.899780273438 1.91450260828167e-07
9857.899780273438 2.237379055793494e-07
9867.899780273437 2.9089578390646395e-07
9877.899780273437 1.4266901194378897e-07
9887.899780273437 2.410756681191145e-07
9897.899780273437 2.960093941965655e-07
9907.899780273437 2.477903381366068e-07
9917.899780273437 1.971117766814065e-07
9927.899780273437 2.147359127064871e-07
9937.899780273437 2.2986262061850774e-07
9947.899780273437 2.578945899549518e-07
9957.899780273437 2.5502367624300736e-07
9967.899780273437 2.34222498631952e-07
9977.899780273437 2.450921686332619e-07
9987.899780273437 1.6864943561046024e-06
9997.899780273437 1.4686840781123941e-06
10007.899780273437 1.6068758879885322e-06
10017.899780273438 1.7166037678829992e-06
10027.899780273437 1.5276841091595565e-06
10037.899780273438 1.5909933413842361e-06
10047.899780273437 1.6787125981708138e-06
10057.899780273438 1.929884879189525e-06
10067.899780273437 1.5405941953099162e-06
10077.899780273438 1.1520407359395751e-06
10087.899780273437 1.2165070964853177e-06
10097.899780273438 1.5293438569198365e-06
10107.899780273437 1.5664501428231578e-06
10117.899780273438 1.2448533755147128e-06
10127.899780273437 1.2974435691602133e-06
10137.899780273438 1.410626291589276e-06
10147.899780273437 1.655565840957276e-06
10157.899780273438 1.5556715685137064e-06
10167.899780273437 1.4897381212285278e-06
10177.899780273438 1.1114947640836866e-06
10187.899780273437 1.2964399924895734e-06
10197.899780273438 1.5538304559474043e-06
10207.899780273437 1.3839157216212855e-06
10217.899780273438 1.7214507457934246e-06
10227.899780273437 1.2683946374102104e-06
10237.899780273438 1.4089963819736842e-06
10247.900390625 1.6864713924234386e-06
10257.900390625 1.402677478969302e-06
10267.900390625 1.2002819464787906e-06
10277.900390625 1.3652135780159174e-06
10287.900390625 1.13678815649724e-06
10297.900390625 9.57877969465485e-07
10307.900390625 1.066396464224669e-06
10317.900390625 1.239718545852285e-06
10327.900390625 9.557577357331639e-07
10337.900390625 1.2309973920612687e-06
10347.900390625 1.1792791166510023e-06
10357.900390625 1.0558487915234466e-06
10367.900390625 1.3694036852302444e-06
10377.900390625 1.127575083396708e-06
10387.900390625 1.0512897036573139e-06
10397.900390625 1.314325002941753e-06
10407.900390625 1.175230991388445e-06
10417.900390625 9.787393225945796e-07
10427.900390625 9.90487356710221e-07
10437.900390625 1.4959767502691465e-06
10447.900390625 1.2285117410671459e-06
10457.900390625 1.3984381938042247e-06
10467.900390625 1.2832318968864479e-06
10477.900390625 1.232981524171715e-06
10487.900390625 1.1955990781682473e-06
10497.900390625 7.582288350601141e-07
10507.900390625 1.119292255962983e-06
10517.900390625 9.711623305455918e-07
10527.900390625 1.0156002337847548e-06
10537.900390625 1.0613153375716267e-06
10547.900390625 1.1310247177229664e-06
10557.900390625 8.680305532485002e-07
10567.900390625 8.669388641780295e-07
10577.900390625 1.0669043939541878e-06
10587.900390625 8.624362301944073e-07
10597.900390625 1.2026415904429222e-06
10607.900390625 1.1422379638124918e-06
10617.900390625 1.1947967523247593e-06
10627.900390625 9.363177127499404e-07
10637.900390625 9.957316497302673e-07
10647.900390625 1.1273179640484142e-06
10657.900390625 1.3092583472289438e-06
10667.900390625 1.4843619814117516e-06
10677.900390625 1.191831647798607e-06
10687.900390625 8.068788340488246e-07
10697.900390625 9.160578921482692e-07
10707.900390625 1.1399472704496945e-06
10717.900390625 1.1828780547046407e-06
10727.900390625 1.1609636165239794e-06
10737.900390625 1.059344221379309e-06
10747.900390625 1.2325451643914107e-06
10757.900390625 8.985683580839098e-07
10767.900390625 1.241990097376377e-06
10777.900390625 8.619392188867013e-07
10787.900390625 8.690790612275396e-07
10797.900390625 1.0903667915882537e-06
10807.900390625 8.663965479673154e-07
10817.900390625 1.0420877901229935e-06
10827.900390625 7.685937767559903e-07
10837.900390625 9.372619280920813e-07
10847.900390625 1.3376913401084353e-06
10857.900390625 7.025802615197709e-07
10867.900390625 9.655579141164223e-07
10877.900390625 1.079454547122985e-06
10887.900390625 1.0287761955095366e-06
10897.900390625 7.472159500485158e-07
10907.900390625 9.678760740752628e-07
10917.900390625 9.428551474119334e-07
10927.900390625 1.1987741242445854e-06
10937.900390625 8.756989825809996e-07
10947.900390625 7.18318579224162e-07
10957.900390625 9.576254148309584e-07
10967.900390625 9.151383158696978e-07
10977.900390625 1.005311092892696e-06
10987.900390625 1.0290233799840994e-06
10997.900390625 8.809573516890341e-07
11007.900390625 1.2187365194753076e-06
11017.900390625 1.1327963568634333e-06
11027.900390625 7.634848822627066e-07
11037.900390625 6.926190710907526e-07
11047.900390625 1.2494607768574615e-06
11057.900390625 1.2865049648705217e-06
11067.900390625 1.0888369721478792e-06
11077.900390625 8.196776877831266e-07
11087.900390625 9.42548572495735e-07
11097.900390625 8.258733663258078e-07
11107.900390625 7.289714141188838e-07
11117.900390625 1.3240911028212525e-06
11127.900390625 1.054106820456821e-06
11137.900390625 1.071983591831608e-06
11147.900390625 1.2402092642271477e-06
11157.900390625 8.867989165487038e-07
11167.900390625 1.1606885863643094e-06
11177.900390625 8.980502601771177e-07
11187.900390625 1.0634653700301904e-06
11197.900390625 8.923811572213562e-07
11207.900390625 8.011368099289265e-07
11217.900390625 6.990801137377718e-07
11227.900390625 7.885469112129576e-07
11237.900390625 1.0569870574120205e-06
11247.900390625 8.267558335016345e-07
11257.900390625 7.290028131341328e-07
11267.900390625 1.0213861937909262e-06
11277.900390625 9.852300122107606e-07
11287.900390625 1.1005159708901952e-06
11297.900390625 1.3533801547192286e-06
11307.900390625 1.2221409638585659e-06
11317.900390625 1.202052296545851e-06
11327.900390625 9.29976540972506e-07
11337.900390625 9.62662593567568e-07
11347.900390625 1.1081983367138054e-06
11357.900390625 8.937559143889405e-07
11367.900390625 1.0027467581049115e-06
11377.900390625 7.86069913155171e-07
11387.900390625 9.75194136105025e-07
11397.900390625 1.0046806195827544e-06
11407.900390625 1.0841039453557574e-06
11417.900390625 9.381574427766481e-07
11427.900390625 9.170582722299122e-07
11437.900390625 1.0625275557601957e-06
11447.900390625 1.1288957538104742e-06
11457.900390625 1.0623085344449185e-06
11467.900390625 9.208739792213537e-07
11477.900390625 9.341454786715761e-07
11487.900390625 1.0000819763775806e-06
11497.900390625 8.787640249847411e-07
11507.900390625 9.081499791710329e-07
11517.900390625 1.0347502420473681e-06
11527.900390625 1.226403531713228e-06
11537.900390625 1.2257140319133418e-06
11547.900390625 1.0835604909179693e-06
11557.900390625 1.3223681464360734e-06
11567.900390625 1.1918972410555315e-06
11577.900390625 1.022508376425559e-06
11587.900390625 1.0398693635280104e-06
11597.900390625 8.468661735993869e-07
11607.900390625 1.1158615079256927e-06
11617.900390625 8.877296825421302e-07
11627.900390625 1.2860602074735008e-06
11637.900390625 1.1146516985621087e-06
11647.900390625 1.1243576261102257e-06
11657.900390625 8.405240898587441e-07
11667.900390625 1.3151325326573789e-06
11677.900390625 1.017223600670481e-06
11687.900390625 1.1435048427541201e-06
11697.900390625 1.4446948055182317e-06
11707.900390625 1.1491675749981665e-06
11717.900390625 1.0470845796131002e-06
11727.900390625 1.140537600787317e-06
11737.900390625 1.1550039189244602e-06
11747.900390625 1.3010240095268277e-06
11757.900390625 1.2843290528801785e-06
11767.900390625 1.4921204125302354e-06
11777.900390625 1.3202219765693808e-06
11787.900390625 1.1953036503227226e-06
11797.900390625 1.1431416383937375e-06
11807.900390625 1.2770804135451023e-06
11817.900390625 9.97955013272697e-07
11827.900390625 1.1356631309014403e-06
11837.900390625 1.1183014496550263e-06
11847.900390625 9.502508553807423e-07
11857.900390625 9.693928694044039e-07
11867.900390625 1.0923624497457345e-06
11877.900390625 1.108342432852857e-06
11887.900390625 1.088122230354011e-06
11897.900390625 1.1111249092729778e-06
11907.900390625 1.0655078625310765e-06
11917.900390625 9.726650270146159e-07
11927.900390625 8.186614016064933e-07
11937.900390625 1.1629740330950566e-06
11947.900390625 1.1046195268873577e-06
11957.900390625 1.3586916081637508e-06
11967.900390625 1.3398007469750963e-06
11977.900390625 1.0968219314520467e-06
11987.900390625 1.0316656871514746e-06
11997.900390625 1.3395366725306285e-06
12007.900390625 1.2940055512975133e-06
12017.900390625 1.418747613285208e-06
12027.900390625 1.5869996992438156e-06
12037.900390625 1.1210378935573456e-06
12047.900390625 1.6797494888139361e-06
12057.900390625 1.4374168773937489e-06
12067.900390625 1.3000410057982051e-06
12077.900390625 1.3490763727124532e-06
12087.900390625 1.2330825806165174e-06
12097.900390625 1.3975201836629013e-06
12107.900390625 1.1913068407863229e-06
12117.900390625 1.4374290499144341e-06
12127.900390625 1.4998339310779674e-06
12137.900390625 1.2418674271501667e-06
12147.900390625 1.5976658623187948e-06
12157.900390625 1.3134384245742683e-06
12167.900390625 1.2594119583887912e-06
12177.900390625 1.47929307137209e-06
12187.900390625 1.564472807672051e-06
12197.900390625 1.8755968986321276e-06
12207.900390625 1.6525229570777411e-06
12217.900390625 1.6739471310768964e-06
12227.900390625 1.7878851512301275e-06
12237.900390625 1.7293371492725486e-06
12247.900390625 1.7356063591045008e-06
12257.900390625 1.918471117929644e-06
12267.900390625 1.971786590043566e-06
12277.900390625 2.074685942638296e-06
12287.900390625 1.901865844861417e-06
12297.900390625 2.04438219487127e-06
12307.900390625 2.2228658395922905e-06
12317.900390625 2.0665691557875317e-06
12327.900390625 1.779054542406252e-06
12337.900390625 2.218403838166388e-06
12347.900390625 2.174720043638997e-06
12357.900390625 2.2488021183627442e-06
12367.900390625 2.423704734536594e-06
12377.900390625 2.685472802841639e-06
12387.900390625 2.6944632682337357e-06
12397.900390625 3.0325392263752356e-06
12407.900390625 2.866332822988104e-06
12417.900390625 3.2238843733662635e-06
12427.900390625 3.6469753293979125e-06
12437.900390625 3.1526832086547526e-06
12447.900390625 3.7441380987734243e-06
12457.900390625 3.9118261568295595e-06
12467.900390625 4.242861645176912e-06
12477.900390625 4.5820719221084085e-06
12487.900390625 4.748197232713544e-06
12497.900390625 5.30019707792224e-06
12507.900390625 5.57740519614173e-06
12517.900390625 6.322431544380426e-06
12527.900390625 6.7270036741834094e-06
12537.900390625 7.152710410615983e-06
12547.900390625 8.0463560066872e-06
12557.900390625 8.708743277043353e-06
12567.900390625 9.397643918369768e-06
12577.900390625 1.0065388296780667e-05
12587.900390625 1.1071213283506331e-05
12597.900390625 1.1986625216923759e-05
12607.900390625 1.3328037017388502e-05
12617.900390625 1.4277104701421228e-05
12627.900390625 1.6126730692327493e-05
12637.900390625 1.765801642292766e-05
12647.900390625 1.9366367884260412e-05
12657.900390625 2.155403166705192e-05
12667.900390625 2.3731446627478447e-05
12677.900390625 2.6388440090474956e-05
12687.900390625 2.9119047846835818e-05
12697.900390625 3.228996952060261e-05
12707.900390625 3.66015207961237e-05
12717.900390625 4.073831306360855e-05
12727.900390625 4.614195629704202e-05
12737.900390625 5.1753613523624364e-05
12747.900390625 5.8802817491897855e-05
12757.900390625 6.689499428688855e-05
12767.900390625 7.641064998628534e-05
12777.900390625 8.696668145664099e-05
12787.900390625 9.951493756042243e-05
12797.900390625 0.00011401783675364085
12807.900390625 0.0001309037187604889
12817.900390625 0.00015055284262782866
12827.900390625 0.0001727603849458284
12837.900390625 0.00019826488291513057
12847.900390625 0.00022733776893520244
12857.900390625 0.0002615161979376222
12867.900390625 0.00030263124127207224
12877.900390625 0.00034627577266859767
12887.900390625 0.0004019402515721173
12897.900390625 0.0004667037595583058
12907.900390625 0.0005394735042446664
12917.900390625 0.0006251614538091677
12927.900390625 0.0007381845023584023
12937.900390625 0.000860926434572543
12947.900390625 0.0010068757892805046
12957.900390625 0.001201385610469506
12967.900390625 0.001421811494727458
12977.900390625 0.001693818845051315
12987.900390625 0.0020439675247052565
12997.900390625 0.0024613868635070487
13007.900390625 0.0029722888411058282
13017.900390625 0.003618021935902567
13027.900390625 0.004412969977472923
13037.900390625 0.005357645104052478
13047.900390625 0.0064943729560682515
13057.900390625 0.007803389144560415
13067.900390625 0.009026627054090058
13077.900390625 0.009894386672748764
13087.900390625 0.01098512812265304
13097.900390625 0.011942171344113902
13107.900390625 0.013079120343941118
13117.900390625 0.014516547376187789
13127.900390625 0.016274779651532192
13137.900390625 0.018140482733099872
13147.900390625 0.020708033219979258
13157.900390625 0.02289070494075643
13167.900390625 0.02622772323544009
13177.900390625 0.029724066868627524
13187.900390625 0.03469168166229634
13197.900390625 0.04007395974790935
13207.900390625 0.04754863092175211
13217.900390625 0.05569049218147429
13227.900390625 0.06595806880067659
13237.900390625 0.07694761410984155
13247.900390625 0.091265543180237
13257.900390625 0.10527282821351502
13267.900390625 0.12261919976436153
13277.900390625 0.14144212512427795
13287.900390625 0.16315304935131328
13297.900390625 0.18632794442100178
13307.900390625 0.21141163547043096
13317.900390625 0.23601852452018746
13327.900390625 0.26066797688925114
13337.900390625 0.28475383029350604
13347.900390625 0.30602489694348994
13357.900390625 0.3248488203859418
13367.900390625 0.3406039678064793
13377.900390625 0.3538101733308813
13387.900390625 0.3635840379172428
13397.900390625 0.37087187020385237
13407.900390625 0.3759962074382149
13417.900390625 0.3793464981613912
13427.900390625 0.3817222588756654
13437.900390625 0.38515256951481514
13447.900390625 0.38440827296754765
13457.900390625 0.38597056855837697
13467.900390625 0.388144829370785
13477.900390625 0.3885803249176871
13487.900390625 0.3898355314611903
13497.900390625 0.39062829144147126
13507.900390625 0.3924132910438932
13517.900390625 0.39288716529246487
13527.900390625 0.3931849421553375
13537.900390625 0.3945775075246311
13547.900390625 0.39376158929802296
13557.900390625 0.39439082835479894
13567.900390625 0.39437413365315666
13577.900390625 0.39390969137474796
13587.900390625 0.393781746754867
13597.900390625 0.3933192729536214
13607.900390625 0.392614427647653
13617.900390625 0.39198204354033406
13627.900390625 0.3907990888337506
13637.900390625 0.39104403428239953
13647.900390625 0.3918156917745441
13657.900390625 0.3918514351970739
13667.900390625 0.390566112052353
13677.900390625 0.3902297522439293
13687.900390625 0.3911937231152151
13697.900390625 0.39088301954835625
13707.900390625 0.39194974996737497
13717.900390625 0.3918046514927933
13727.900390625 0.39081373567831745
13737.900390625 0.3908278146951521
13747.900390625 0.390674297342819
13757.900390625 0.3908311508643424
13767.900390625 0.3905712910280146
13777.900390625 0.39069886577468727
13787.900390625 0.3902579206108666
13797.900390625 0.3897780793909136
13807.900390625 0.3889639015507344
13817.900390625 0.3889342930437108
13827.900390625 0.39030461991231846
13837.900390625 0.3895723995175412
13847.900390625 0.3892600285401821
13857.900390625 0.38955640291938887
13867.900390625 0.38958719908243566
13877.900390625 0.3883298438354009
13887.900390625 0.3887508832870723
13897.900390625 0.38972362227035195
13907.900390625 0.3902492592754019
13917.900390625 0.3896949478787646
13927.900390625 0.39093946402255864
13937.900390625 0.39075229313812615
13947.900390625 0.39169429571564685
13957.900390625 0.3922993078820496
13967.900390625 0.39260245172266517
13977.900390625 0.39438778845129824
13987.900390625 0.3946539629291211
13997.900390625 0.3948575359959108
14007.900390625 0.396593037361777
14017.900390625 0.39707263730462133
14027.900390625 0.39776216861451374
14037.900390625 0.3987748974142553
14047.900390625 0.39918222131198833
14057.900390625 0.40077602658165096
14067.900390625 0.4010687120364679
14077.900390625 0.40104015587334657
14087.900390625 0.4023243515142235
14097.900390625 0.4033945068880195
14107.900390625 0.402741250349616
14117.900390625 0.40442487662085747
14127.900390625 0.40512926415027717
14137.900390625 0.4065789125548582
14147.900390625 0.4065829111514314
14157.900390625 0.4073864146280777
14167.900390625 0.4085207850948325
14177.900390625 0.4079317426026064
14187.900390625 0.4096956800331208
14197.900390625 0.40970913171220524
14207.900390625 0.41005608954561446
14217.900390625 0.41158380996576643
14227.900390625 0.41180466097647145
14237.900390625 0.41297205126646563
14247.900390625 0.41318390868817967
14257.900390625 0.41237334099850276
14267.900390625 0.41373200349315065
14277.900390625 0.413861954094196
14287.900390625 0.4139108495855609
14297.900390625 0.4161242530168262
14307.900390625 0.4163254986253414
14317.900390625 0.4169815250933898
14327.900390625 0.41610934455347387
14337.900390625 0.41653906896877585
14347.900390625 0.4174038686617883
14357.900390625 0.41689648545588126
14367.900390625 0.41690262098486786
14377.900390625 0.4180772874473866
14387.900390625 0.41819966502361694
14397.900390625 0.41812062339397293
14407.900390625 0.4192595007198411
14417.900390625 0.4184810952161831
14427.900390625 0.41916864820394795
14437.900390625 0.41975843612095975
14447.900390625 0.4202735541415282
14457.900390625 0.41937297589257244
14467.900390625 0.42009433544016617
14477.900390625 0.4198202267517572
14487.900390625 0.4213723308828848
14497.900390625 0.42025408478098164
14507.900390625 0.4201315118529826
14517.900390625 0.4212327474573483
14527.900390625 0.4211281545858263
14537.900390625 0.41952300506312423
14547.900390625 0.4185562418676536
14557.900390625 0.4197720314298461
14567.900390625 0.41862697939785565
14577.900390625 0.4184101383967036
14587.900390625 0.4189166138179866
14597.900390625 0.41804398665968323
14607.900390625 0.41628086808139264
14617.900390625 0.41509213731376227
14627.900390625 0.4147807833339247
14637.900390625 0.4142895092212357
14647.900390625 0.4143983242673569
14657.900390625 0.41446556888628067
14667.900390625 0.4125236289913618
14677.900390625 0.4123192316596461
14687.900390625 0.41232669719731196
14697.900390625 0.4112721877231015
14707.900390625 0.4097552492333394
14717.900390625 0.4094303292300152
14727.900390625 0.4102621008404293
14737.900390625 0.40884256253512596
14747.900390625 0.41066644292957327
14757.900390625 0.40960625746397483
14767.900390625 0.4101582576618992
14777.900390625 0.4103111952312214
14787.900390625 0.4104770892297864
14797.900390625 0.41073241592012655
14807.900390625 0.4102695894211751
14817.900390625 0.4109299652695817
14827.900390625 0.4116495204142996
14837.900390625 0.4115926386236463
14847.900390625 0.41305183486017916
14857.900390625 0.4155803033272678
14867.900390625 0.414759081469982
14877.900390625 0.41581003351169027
14887.900390625 0.416324154203856
14897.900390625 0.4169099203495835
14907.900390625 0.4176575749133053
14917.900390625 0.41947206455427866
14927.900390625 0.4198250176584236
14937.900390625 0.4202847529522825
14947.900390625 0.421116439220501
14957.900390625 0.4224392425472026
14967.900390625 0.4236194000915622
14977.900390625 0.4233862760521371
14987.900390625 0.4244157706388293
14997.900390625 0.42690280306067185
15007.900390625 0.42741480516162206
15017.900390625 0.42741354112438784
15027.900390625 0.427733692650616
15037.900390625 0.42930906002405356
15047.900390625 0.4297393278407635
15057.900390625 0.4303407334770646
15067.900390625 0.4318871507791656
15077.900390625 0.4319188384793723
15087.900390625 0.43319589069843223
15097.900390625 0.4343117793902991
15107.900390625 0.43502444035347665
15117.900390625 0.4346908530355154
15127.900390625 0.43614165125375126
15137.900390625 0.43669022593245965
15147.900390625 0.4356492358917313
15157.900390625 0.43645872764328597
15167.900390625 0.4366232070516271
15177.900390625 0.4379999456771012
15187.900390625 0.43636927337264186
15197.900390625 0.43756702718690066
15207.900390625 0.4367413282986546
15217.900390625 0.4360048025112827
15227.900390625 0.43814048108699427
15237.900390625 0.4365154936835055
15247.900390625 0.43549529508687823
15257.900390625 0.43619054531729506
15267.900390625 0.43645931284056577
15277.900390625 0.4361011930607419
15287.900390625 0.4354502576644379
15297.900390625 0.4339186032327893
15307.900390625 0.4354202642578565
15317.900390625 0.434427772211435
15327.900390625 0.43405582528561537
15337.900390625 0.4328128372685115
15347.900390625 0.4333834535388073
15357.900390625 0.43334819629475374
15367.900390625 0.432481231025311
15377.900390625 0.4336035535803613
15387.900390625 0.4327156805418292
15397.900390625 0.4317181752005157
15407.900390625 0.4315341932200747
15417.900390625 0.43153860748031453
15427.900390625 0.4312838760190517
15437.900390625 0.43176476166570543
15447.900390625 0.4307561783360444
15457.900390625 0.4308208564262481
15467.900390625 0.430975734552159
15477.900390625 0.4303847415544256
15487.900390625 0.43189979671598444
15497.900390625 0.4295871036016517
15507.900390625 0.4305173508890193
15517.900390625 0.4285517971889209
15527.900390625 0.4298015901309551
15537.900390625 0.4285381914764256
15547.900390625 0.4293917273688202
15557.900390625 0.4274701920373656
15567.900390625 0.4266180073161414
15577.900390625 0.42640363775423884
15587.900390625 0.4263928605920675
15597.900390625 0.42639450710117865
15607.900390625 0.42563059589714136
15617.900390625 0.42639964929341456
15627.900390625 0.42430233981708687
15637.900390625 0.4254803646568953
15647.900390625 0.42513795344130245
15657.900390625 0.42534102512686045
15667.900390625 0.426257339332342
15677.900390625 0.42632583092321075
15687.900390625 0.42673145877781626
15697.900390625 0.42722584349646475
15707.900390625 0.42745021750631296
15717.900390625 0.42853656422330066
15727.900390625 0.43094521099763655
15737.900390625 0.43000637384903984
15747.900390625 0.43215715481571776
15757.900390625 0.43175069479964356
15767.900390625 0.43406743511709983
15777.900390625 0.4347961420649443
15787.900390625 0.4346109594707116
15797.900390625 0.4364821776666207
15807.900390625 0.43776738604323795
15817.900390625 0.43817242040353976
15827.900390625 0.4392169514074382
15837.900390625 0.4407081556470116
15847.900390625 0.4421394465743206
15857.900390625 0.4425093336015429
15867.900390625 0.44130581042369604
15877.900390625 0.4431073437699161
15887.900390625 0.44246776578418
15897.900390625 0.44366159799035143
15907.900390625 0.44359787908881
15917.900390625 0.44480758731987935
15927.900390625 0.44526360876612925
15937.900390625 0.44491715370230306
15947.900390625 0.44432255423362976
15957.900390625 0.44465049447271543
15967.900390625 0.44645714749559506
15977.900390625 0.4460490396574569
15987.900390625 0.44611960245479565
15997.900390625 0.4444488261013109
16007.900390625 0.447120658239771
16017.900390625 0.4461157810609915
16027.900390625 0.44619082258592035
16037.900390625 0.4458117438936482
16047.900390625 0.4471598628221991
16057.900390625 0.4470931018263403
16067.900390625 0.44723027158303374
16077.900390625 0.4468558506127187
16087.900390625 0.44647053194151776
16097.900390625 0.4469526319624332
16107.900390625 0.4469273173636941
16117.900390625 0.4472382184918364
16127.900390625 0.44600730146871914
16137.900390625 0.4470823815758057
16147.900390625 0.44724877015901826
16157.900390625 0.44772279146564736
16167.900390625 0.44785387040842745
16177.900390625 0.4489518014787525
16187.900390625 0.44583932143339244
16197.900390625 0.44738367543119095
16207.900390625 0.4452670779374266
16217.900390625 0.4470401594087246
16227.900390625 0.44534865912910154
16237.900390625 0.44544417425511124
16247.900390625 0.44487235762168237
16257.900390625 0.44431359657089287
16267.900390625 0.4430650634362862
16277.900390625 0.44436717693021255
16287.900390625 0.44350373846473445
16297.900390625 0.4421733220087078
16307.900390625 0.44243908096599704
16317.900390625 0.44277458832123584
16327.900390625 0.4434599032909794
16337.900390625 0.4424845741838799
16347.900390625 0.4428390006275685
16357.900390625 0.44422930249421033
16367.900390625 0.4439328173237087
16377.900390625 0.4445836342578537
16387.900390625 0.4442948966503123
16397.900390625 0.4456707677766836
16407.900390625 0.44469567638455587
16417.900390625 0.44566272275512253
16427.900390625 0.44551221746974856
16437.900390625 0.4463436453696243
16447.900390625 0.4433589922363985
16457.900390625 0.44656323225626965
16467.900390625 0.44621261769581677
16477.900390625 0.4479687668823709
16487.900390625 0.4471729662036308
16497.900390625 0.4479845796973973
16507.900390625 0.4490347676099688
16517.900390625 0.4493028423871036
16527.900390625 0.45142835275974347
16537.900390625 0.45187474494835833
16547.900390625 0.45176042121708937
16557.900390625 0.4492970032046585
16567.900390625 0.4479515294478078
16577.900390625 0.444600168111431
16587.900390625 0.4379256189437659
16597.900390625 0.4280647833980925
16607.900390625 0.41686842223886833
16617.900390625 0.39986564676623493
16627.900390625 0.3806681040553239
16637.900390625 0.35545148290410544
16647.900390625 0.3301754254715195
16657.900390625 0.3030558589327117
16667.900390625 0.27350789096793493
16677.900390625 0.24576494936121765
16687.900390625 0.2165489678657916
16697.900390625 0.1884437647401294
16707.900390625 0.1642947440337072
16717.900390625 0.1407514325575046
16727.900390625 0.12059253388415585
16737.900390625 0.10286028736159197
16747.900390625 0.08852661701734903
16757.900390625 0.07736265222864093
16767.900390625 0.0672326946449199
16777.900390625 0.05937642290897076
16787.900390625 0.05157539305848029
16797.900390625 0.045360094110845364
16807.900390625 0.03987098468548087
16817.900390625 0.03573565002927133
16827.900390625 0.03134853053975628
16837.900390625 0.02797125237016776
16847.900390625 0.02441293914796394
16857.900390625 0.020838576951059444
16867.900390625 0.017704645623133067
16877.900390625 0.014912657597169619
16887.900390625 0.012457145435628598
16897.900390625 0.010511754454663076
16907.900390625 0.008844560409309313
16917.900390625 0.0074639694097840764
16927.900390625 0.006252302776235637
16937.900390625 0.005303087571025162
16947.900390625 0.0044808652480349586
16957.900390625 0.0037761416243396627
16967.900390625 0.0032280469549357876
16977.900390625 0.0027369991219488516
16987.900390625 0.0023354529066089043
16997.900390625 0.0020025269935596743
17007.900390625 0.0017262674770584683
17017.900390625 0.0014790766203966275
17027.900390625 0.0012784034668978737
17037.900390625 0.001107533968766563
17047.900390625 0.0009584597469339134
17057.900390625 0.0008373619521968693
17067.900390625 0.0007316847638835991
17077.900390625 0.0006391227565242493
17087.900390625 0.0005604014891106371
17097.900390625 0.0004937446718376412
17107.900390625 0.00043456123345550837
17117.900390625 0.00038337316089901916
17127.900390625 0.0003413184865410946
17137.900390625 0.0003002901978901042
17147.900390625 0.0002690393281854847
17157.900390625 0.00023967795179995625
17167.900390625 0.0002148880816491341
17177.900390625 0.00019174890472410124
17187.900390625 0.00017278750173747498
17197.900390625 0.00015573477579217191
17207.900390625 0.00014065714161861717
17217.900390625 0.00012787302789926764
17227.900390625 0.00011467052852366538
17237.900390625 0.00010472518678452494
17247.900390625 9.497848309101184e-05
17257.900390625 8.694111319641778e-05
17267.900390625 7.807525066017864e-05
17277.900390625 7.267979781140166e-05
17287.900390625 6.509470530109212e-05
17297.900390625 6.0693782935703476e-05
17307.900390625 5.57205173707973e-05
17317.900390625 5.046795533943449e-05
17327.900390625 4.7438513714012954e-05
17337.900390625 4.17925761372702e-05
17347.900390625 3.954174441050174e-05
17357.900390625 3.635468919264867e-05
17367.900390625 3.333311952986743e-05
17377.900390625 3.1655782841605946e-05
17387.900390625 2.9198253734970393e-05
17397.900390625 2.6921715414980914e-05
17407.900390625 2.470434913958107e-05
17417.900390625 2.288459372994757e-05
17427.900390625 2.1320244917582864e-05
17437.900390625 2.045313849198607e-05
17447.900390625 1.8545773726833538e-05
17457.900390625 1.790353969699865e-05
17467.900390625 1.626360854513285e-05
17477.900390625 1.5961448549181462e-05
17487.900390625 1.5337263142527986e-05
17497.900390625 1.3774419551924382e-05
17507.900390625 1.3265257858893979e-05
17517.900390625 1.234386042520447e-05
17527.900390625 1.1341034716178319e-05
17537.900390625 1.0866937445422528e-05
17547.900390625 1.0896278927041912e-05
17557.900390625 9.772044320833391e-06
17567.900390625 9.62387115647585e-06
17577.900390625 8.84863209644549e-06
17587.900390625 9.229611588390492e-06
17597.900390625 7.677116185883659e-06
17607.900390625 9.09631337994382e-06
17617.900390625 7.172831110173556e-06
17627.900390625 6.923955471673905e-06
17637.900390625 7.5849384918389675e-06
17647.900390625 6.937490716852938e-06
17657.900390625 7.4393109512575045e-06
17667.900390625 6.203792129281246e-06
17677.900390625 6.359696061558234e-06
17687.900390625 4.964218955613987e-06
17697.900390625 6.855075065400581e-06
17707.900390625 5.997581693231609e-06
17717.900390625 5.226308295853512e-06
17727.900390625 5.868272897796783e-06
17737.900390625 5.221892740340304e-06
17747.900390625 5.023154261841313e-06
17757.900390625 5.009961592557644e-06
17767.900390625 5.625141624911725e-06
17777.900390625 5.821766684432999e-06
17787.900390625 5.885250188356728e-06
17797.900390625 5.008964152756982e-06
17807.900390625 4.082973428774584e-06
17817.900390625 5.129188239503357e-06
17827.900390625 4.286254592298157e-06
17837.900390625 5.033305306784522e-06
17847.900390625 4.643096461900012e-06
17857.900390625 5.361027757234585e-06
17867.900390625 4.763605283681994e-06
17877.900390625 5.068603359275842e-06
17887.900390625 4.549283559650954e-06
17897.900390625 5.410617550905292e-06
17907.900390625 4.6690759395843155e-06
17917.900390625 4.686945381214382e-06
17927.900390625 4.937097008164416e-06
17937.900390625 4.507543434101137e-06
17947.900390625 4.808831490912378e-06
17957.900390625 5.367938346697538e-06
17967.900390625 3.873411943819069e-06
17977.900390625 4.467735733679947e-06
17987.900390625 3.62750568935629e-06
17997.900390625 3.4563246415981427e-06
18007.900390625 4.5504337291257644e-06
18017.900390625 5.438147707942719e-06
18027.900390625 4.8620787673653195e-06
18037.900390625 5.073815069107461e-06
18047.900390625 3.3203624424780988e-06
18057.900390625 3.993432030636427e-06
18067.900390625 4.786509002778063e-06
18077.900390625 5.03522331436947e-06
18087.900390625 5.101276185329036e-06
18097.900390625 4.985085686062397e-06
18107.900390625 5.623310738629247e-06
18117.900390625 5.548489433571972e-06
18127.900390625 4.514428587165635e-06
18137.900390625 4.653760868104775e-06
18147.900390625 4.879243700739465e-06
18157.900390625 4.44769605143478e-06
18167.900390625 4.289967277110502e-06
18177.900390625 4.975434028778384e-06
18187.900390625 5.492268463511503e-06
18197.900390625 4.796619467645942e-06
18207.900390625 4.404309707669149e-06
18217.900390625 4.871021726245489e-06
18227.900390625 4.905312861200086e-06
18237.900390625 5.663701593007676e-06
18247.900390625 4.722340847939891e-06
18257.900390625 5.721827572919203e-06
18267.900390625 4.2267463657743025e-06
18277.900390625 3.815773431439715e-06
18287.900390625 5.605426750018241e-06
18297.900390625 4.9349500321110725e-06
18307.900390625 5.618829735014582e-06
18317.900390625 4.069886950408695e-06
18327.900390625 4.806928687266514e-06
18337.900390625 3.608053057292947e-06
18347.900390625 5.742427583683289e-06
18357.900390625 5.003725508644363e-06
18367.900390625 4.618453813841009e-06
18377.900390625 3.34180316884802e-06
18387.900390625 5.625127750149237e-06
18397.900390625 3.957959693062078e-06
18407.900390625 5.504176470182571e-06
18417.900390625 3.6764364924120518e-06
18427.900390625 5.055560205406521e-06
18437.900390625 5.5502751868076896e-06
18447.900390625 4.434585153100619e-06
18457.900390625 3.71233494198376e-06
18467.900390625 5.760003951677246e-06
18477.900390625 6.272398403390895e-06
18487.900390625 4.16916536414841e-06
18497.900390625 6.3888755879939224e-06
18507.900390625 4.893776692698558e-06
18517.900390625 6.234270550978117e-06
18527.900390625 4.848543811060149e-06
18537.900390625 4.4396393356874815e-06
18547.900390625 5.189302881072675e-06
18557.900390625 6.926452897883897e-06
18567.900390625 5.115604250815356e-06
18577.900390625 4.198584348962921e-06
18587.900390625 6.05774783980289e-06
18597.900390625 3.5642930348396636e-06
18607.900390625 5.83031436796806e-06
18617.900390625 5.377814934573778e-06
18627.900390625 5.708384648874769e-06
18637.900390625 5.212876742959251e-06
18647.900390625 6.654527142884767e-06
18657.900390625 4.870844236348895e-06
18667.900390625 4.616592118786475e-06
18677.900390625 6.840453370179694e-06
18687.900390625 5.446702853939145e-06
18697.900390625 5.6207936880793115e-06
18707.900390625 5.850894227121379e-06
18717.900390625 5.427081806556613e-06
18727.900390625 3.292693013162242e-06
18737.900390625 3.7719675281461856e-06
18747.900390625 4.430244717892825e-06
18757.900390625 4.8827819988145765e-06
18767.900390625 6.2600682718459346e-06
18777.900390625 6.2928745495677546e-06
18787.900390625 5.889854454243592e-06
18797.900390625 4.915391571312747e-06
18807.900390625 4.760486990488564e-06
18817.900390625 4.136042189527425e-06
18827.900390625 5.47517322073985e-06
18837.900390625 4.685396570135539e-06
18847.900390625 7.361872640078578e-06
18857.900390625 4.996675887586643e-06
18867.900390625 5.693626119703454e-06
18877.900390625 5.438054186085404e-06
18887.900390625 5.1781732907527464e-06
18897.900390625 5.354474746935965e-06
18907.900390625 4.987847239883824e-06
18917.900390625 6.04086474420412e-06
18927.900390625 5.092300519118184e-06
18937.900390625 5.099847498374855e-06
18947.900390625 5.0113134667333765e-06
18957.900390625 6.784959873227658e-06
18967.900390625 5.0867418937868845e-06
18977.900390625 6.839949062108101e-06
18987.900390625 5.217670485379624e-06
18997.900390625 4.722746186222349e-06
19007.900390625 4.333311104090594e-06
19017.900390625 5.517175620581953e-06
19027.900390625 6.673341950565803e-06
19037.900390625 4.609645175263516e-06
19047.900390625 5.097187998716938e-06
19057.900390625 5.261862201146619e-06
19067.900390625 5.753043112032262e-06
19077.900390625 6.052120561347915e-06
19087.900390625 4.133931589954545e-06
19097.900390625 6.251999954720342e-06
19107.900390625 5.934626082466327e-06
19117.900390625 5.403862988380076e-06
19127.900390625 6.941606609359102e-06
19137.900390625 4.834451322468552e-06
19147.900390625 4.611936939958373e-06
19157.900390625 5.609192963876629e-06
19167.900390625 4.898296011011548e-06
19177.900390625 5.399617235627852e-06
19187.900390625 5.400896006296454e-06
19197.900390625 6.48969043461088e-06
19207.900390625 6.274117819962496e-06
19217.900390625 6.591667746606715e-06
19227.900390625 6.508454626585849e-06
19237.900390625 4.856626966577939e-06
19247.900390625 6.052433321235162e-06
19257.900390625 4.552234216448522e-06
19267.900390625 6.117587039678128e-06
19277.900390625 5.769555760659329e-06
19287.900390625 5.135501126243326e-06
19297.900390625 4.927301670264846e-06
19307.900390625 6.121684878254994e-06
19317.900390625 4.770152072947678e-06
19327.900390625 4.215570216843015e-06
19337.900390625 6.343352058704011e-06
19347.900390625 5.8981666302229975e-06
19357.900390625 6.490931330828207e-06
19367.900390625 6.018088404464227e-06
19377.900390625 6.453836135154538e-06
19387.900390625 4.3338508158659355e-06
19397.900390625 6.061945219197587e-06
19407.900390625 6.27949432532256e-06
19417.900390625 6.571840998955867e-06
19427.900390625 6.351998577296914e-06
19437.900390625 5.96896667885656e-06
19447.900390625 8.970536710812089e-06
19457.900390625 6.1011796193917426e-06
19467.900390625 7.0988370356228296e-06
19477.900390625 7.147442518084852e-06
19487.900390625 4.799722762953851e-06
19497.900390625 7.156241925499418e-06
19507.900390625 7.172169369365516e-06
19517.900390625 5.256156606128317e-06
19527.900390625 6.732593606422535e-06
19537.900390625 5.5724528154426925e-06
19547.900390625 5.298228526247993e-06
19557.900390625 5.677406211676697e-06
19567.900390625 5.4737009391975754e-06
19577.900390625 6.948707679722006e-06
19587.900390625 5.82253555709722e-06
19597.900390625 6.1775992771199735e-06
19607.900390625 5.53725008838663e-06
19617.900390625 6.168338347787806e-06
19627.900390625 5.337537249693048e-06
19637.900390625 5.058608883710944e-06
19647.900390625 5.859506503186443e-06
19657.900390625 6.5703502110222386e-06
19667.900390625 6.041469835385714e-06
19677.900390625 5.45908639929775e-06
19687.900390625 7.015592318150372e-06
19697.900390625 6.289624115019301e-06
19707.900390625 6.557371900273942e-06
19717.900390625 6.21455922752789e-06
19727.900390625 5.88975797597011e-06
19737.900390625 5.927557533803627e-06
19747.900390625 6.716947457198636e-06
19757.900390625 5.0615040245223296e-06
19767.900390625 5.9095410212367546e-06
19777.900390625 5.9633503233646e-06
19787.900390625 6.514434298074407e-06
19797.900390625 6.3104331719689e-06
19807.900390625 5.147861107324783e-06
19817.900390625 5.7132569446080025e-06
19827.900390625 7.965809724809639e-06
19837.900390625 6.470707495750686e-06
19847.900390625 6.294137359301067e-06
19857.900390625 5.5233165557621324e-06
19867.900390625 5.339606374348122e-06
19877.900390625 5.68072536770585e-06
19887.900390625 6.687254669277968e-06
19897.900390625 7.166523511313758e-06
19907.900390625 4.326806213552641e-06
19917.900390625 7.744549146552854e-06
19927.900390625 6.237258212700345e-06
19937.900390625 4.73735586180409e-06
19947.900390625 5.740777302165786e-06
19957.900390625 6.8213327980514e-06
19967.900390625 5.897140449022873e-06
19977.900390625 6.690534320752176e-06
19987.900390625 6.925436772701811e-06
19997.900390625 6.23471592204617e-06
20007.900390625 5.607851053716218e-06
20017.900390625 5.728108729992123e-06
20027.900390625 6.214765925454095e-06
20037.900390625 7.332761281442635e-06
20047.900390625 7.030739261894968e-06
20057.900390625 5.7272900857257e-06
20067.900390625 7.702453259891173e-06
20077.900390625 7.926800587111247e-06
20087.900390625 6.464895585534008e-06
20097.900390625 7.623521574465572e-06
20107.900390625 7.051786415760131e-06
20117.900390625 8.02934155533029e-06
20127.900390625 7.2265855718132065e-06
20137.900390625 6.523274601903001e-06
20147.900390625 7.4186876740134735e-06
20157.900390625 7.831970090352954e-06
20167.900390625 4.984083392031116e-06
20177.900390625 8.150544815335707e-06
20187.900390625 6.87794408346831e-06
20197.900390625 9.248078212456221e-06
20207.900390625 6.188686757317961e-06
20217.900390625 7.765049962855028e-06
20227.900390625 6.193353183849091e-06
20237.900390625 7.216974292663376e-06
20247.900390625 7.48225550472241e-06
20257.900390625 5.767018338315379e-06
20267.900390625 7.037425177829312e-06
20277.900390625 6.287991278381427e-06
20287.900390625 8.512866482333386e-06
20297.900390625 6.719233125156375e-06
20307.900390625 7.445190078028604e-06
20317.900390625 7.53566638094605e-06
20327.900390625 8.244464183636613e-06
20337.900390625 8.033562243107942e-06
20347.900390625 5.903336932215789e-06
20357.900390625 8.03635182297904e-06
20367.900390625 5.793884209090469e-06
20377.900390625 7.455948501532971e-06
20387.900390625 6.079107304462813e-06
20397.900390625 7.664438700000772e-06
20407.900390625 5.525588527897959e-06
20417.900390625 1.0580621355522763e-05
20427.900390625 5.904858481572984e-06
20437.900390625 7.4377765178153315e-06
20447.900390625 5.471993672307079e-06
20457.900390625 9.577782619936183e-06
20467.900390625 7.129398883499569e-06
20477.900390625 6.664602874432936e-06
20487.900390625 8.904926451799904e-06
20497.900390625 6.126486401559227e-06
20507.900390625 8.962631207404722e-06
20517.900390625 7.265268070319999e-06
20527.900390625 7.808105470104374e-06
20537.900390625 6.780074456922952e-06
20547.900390625 7.083269306880058e-06
20557.900390625 9.377556288153818e-06
20567.900390625 6.417010855392412e-06
20577.900390625 5.747113140347788e-06
20587.900390625 8.891483407506197e-06
20597.900390625 7.4278833349352925e-06
20607.900390625 7.94629984067446e-06
20617.900390625 8.306268667394242e-06
20627.900390625 7.6115852821004885e-06
20637.900390625 9.069387291437645e-06
20647.900390625 9.05465681886282e-06
20657.900390625 8.168375167073511e-06
20667.900390625 6.353095317427944e-06
20677.900390625 7.450598043821269e-06
20687.900390625 9.42442299621447e-06
20697.900390625 7.99480160473923e-06
20707.900390625 7.974456725565291e-06
20717.900390625 9.288646651610195e-06
20727.900390625 7.331066988544892e-06
20737.900390625 7.86516787565174e-06
20747.900390625 1.0494404463384114e-05
20757.900390625 7.38812588035264e-06
20767.900390625 8.972698191825157e-06
20777.900390625 6.8632762761593e-06
20787.900390625 7.769995241907527e-06
20797.900390625 9.008859333553212e-06
20807.900390625 8.927303966910617e-06
20817.900390625 7.084373774141677e-06
20827.900390625 9.385556102371616e-06
20837.900390625 7.867404223803982e-06
20847.900390625 8.844938062889023e-06
20857.900390625 8.889048737596182e-06
20867.900390625 8.776520267200058e-06
20877.900390625 7.278982106379186e-06
20887.900390625 8.080785358630515e-06
20897.900390625 1.0492642314827022e-05
20907.900390625 8.680166580198128e-06
20917.900390625 7.627764454050712e-06
20927.900390625 8.133391914989489e-06
20937.900390625 8.209277012970643e-06
20947.900390625 7.789046540022361e-06
20957.900390625 8.51331323985593e-06
20967.900390625 8.52293825504544e-06
20977.900390625 8.670101532025753e-06
20987.900390625 7.222153007942599e-06
20997.900390625 7.871805005425112e-06
21007.900390625 8.546173610540031e-06
21017.900390625 8.629061439066072e-06
21027.900390625 8.69103665153852e-06
21037.900390625 1.0205571238524427e-05
21047.900390625 9.262092186562424e-06
21057.900390625 7.125958040883986e-06
21067.900390625 8.773233130779825e-06
21077.900390625 8.917499655694223e-06
21087.900390625 7.235567903835128e-06
21097.900390625 8.574910244931878e-06
21107.900390625 7.363420202053261e-06
21117.900390625 9.902518667762576e-06
21127.900390625 8.640793721566176e-06
21137.900390625 9.178930759609013e-06
21147.900390625 1.0267299690256405e-05
21157.900390625 9.02235238105079e-06
21167.900390625 9.715663193541402e-06
21177.900390625 8.508488342649686e-06
21187.900390625 1.1597291923839737e-05
21197.900390625 1.0157527569570368e-05
21207.900390625 9.390924204875245e-06
21217.900390625 8.694185682105117e-06
21227.900390625 9.30083337706824e-06
21237.900390625 7.999225162535151e-06
21247.900390625 8.14867544858948e-06
21257.900390625 1.056824430591572e-05
21267.900390625 1.1273595604743275e-05
21277.900390625 1.315086649060949e-05
21287.900390625 1.0538512736233049e-05
21297.900390625 1.1186162016136883e-05
21307.900390625 1.1546978788114148e-05
21317.900390625 8.843525288292128e-06
21327.900390625 1.3359740669699654e-05
21337.900390625 9.862239165828717e-06
21347.900390625 6.9652228784449015e-06
21357.900390625 9.890101283253298e-06
21367.900390625 1.110124589593587e-05
21377.900390625 6.27916927425499e-06
21387.900390625 1.1698211775934778e-05
21397.900390625 1.077817223114934e-05
21407.900390625 1.0965731166845513e-05
21417.900390625 1.3027322427772892e-05
21427.900390625 1.0160741623884121e-05
21437.900390625 1.1574453647594151e-05
21447.900390625 1.0286721595322023e-05
21457.900390625 1.162421019083088e-05
21467.900390625 9.488820581793133e-06
21477.900390625 1.0727798200963119e-05
21487.900390625 1.3230442587062357e-05
21497.900390625 1.0905038553541686e-05
21507.900390625 8.352108412180597e-06
21517.900390625 1.2315654466140006e-05
21527.900390625 1.3799688317281598e-05
21537.900390625 1.4467824958831802e-05
21547.900390625 1.2013705960780772e-05
21557.900390625 1.3225080070642113e-05
21567.900390625 1.063693498941931e-05
21577.900390625 1.2078523309485452e-05
21587.900390625 1.0311025881205577e-05
21597.900390625 1.157488633466899e-05
21607.900390625 1.0631723964727784e-05
21617.900390625 1.0865672680524303e-05
21627.900390625 1.0371808182230644e-05
21637.900390625 1.2207785644223838e-05
21647.900390625 1.1866272487829224e-05
21657.900390625 7.959846573514664e-06
21667.900390625 1.000463579343927e-05
21677.900390625 9.10401960330547e-06
21687.900390625 1.0263802604479422e-05
21697.900390625 1.1964381903558205e-05
21707.900390625 1.2350648190810791e-05
21717.900390625 1.0906407962618821e-05
21727.900390625 1.0602636101795043e-05
21737.900390625 1.3331271756406544e-05
21747.900390625 1.1262238645289846e-05
21757.900390625 1.1823617628906303e-05
21767.900390625 6.6368863866643935e-06
21777.900390625 9.602936141644367e-06
21787.900390625 1.0036115073191827e-05
21797.900390625 1.000452605676412e-05
21807.900390625 8.274258340790167e-06
21817.900390625 1.1969313528717169e-05
21827.900390625 1.052716647903408e-05
21837.900390625 1.0770540079591228e-05
21847.900390625 1.2511401266210302e-05
21857.900390625 1.0347291626054364e-05
21867.900390625 1.0570975368928813e-05
21877.900390625 7.706194506520277e-06
21887.900390625 9.84892423917787e-06
21897.900390625 1.1610332278487103e-05
21907.900390625 1.0671592313079738e-05
21917.900390625 1.3837982591238917e-05
21927.900390625 1.160400670622345e-05
21937.900390625 9.500450426849324e-06
21947.900390625 1.1676405028524606e-05
21957.900390625 1.1330181058807224e-05
21967.900390625 1.4091735617959817e-05
21977.900390625 1.2200652837285e-05
21987.900390625 1.4097046256163348e-05
21997.900390625 1.21078048398941e-05
22007.900390625 1.1898419868551438e-05
22017.900390625 1.3156612629006224e-05
22027.900390625 1.3880863727668615e-05
22037.900390625 1.3998770656765861e-05
22047.900390625 1.3216330432356502e-05
22057.900390625 1.4938899251093706e-05
22067.900390625 1.4872213299777893e-05
22077.900390625 1.3544104339433645e-05
22087.900390625 1.3316883744492526e-05
22097.900390625 1.6876044358753543e-05
22107.900390625 1.441915013644689e-05
22117.900390625 1.7981074164637325e-05
22127.900390625 1.784743695439795e-05
22137.900390625 1.824635708791297e-05
22147.900390625 1.7035712623113956e-05
22157.900390625 9.731300664307401e-06
22167.900390625 1.6746510663288435e-05
22177.900390625 1.8013073599805848e-05
22187.900390625 1.5218792854220342e-05
22197.900390625 1.476822167772384e-05
22207.900390625 1.360304359042997e-05
22217.900390625 1.7216053084524033e-05
22227.900390625 1.4180136668788833e-05
22237.900390625 1.3961365308869604e-05
22247.900390625 1.5818710572906972e-05
22257.900390625 1.3185730138535539e-05
22267.900390625 1.6930178744210716e-05
22277.900390625 1.627739796921577e-05
22287.900390625 1.390047504528627e-05
22297.900390625 1.859214943184285e-05
22307.900390625 1.4491699095313073e-05
22317.900390625 1.4690775837705698e-05
22327.900390625 1.586620486490178e-05
22337.900390625 1.8361263347045162e-05
22347.900390625 1.6375590324773657e-05
22357.900390625 1.650146873275836e-05
22367.900390625 1.3088592413243374e-05
22377.900390625 1.7850060879123178e-05
22387.900390625 1.3502544197069234e-05
22397.900390625 1.9241906972462548e-05
22407.900390625 1.87016845456817e-05
22417.900390625 1.5654497269264824e-05
22427.900390625 2.014148664844368e-05
22437.900390625 1.8190982256906465e-05
22447.900390625 1.766064072248326e-05
22457.900390625 1.7277757359308193e-05
22467.900390625 1.5355803400944795e-05
22477.900390625 2.2786370108955668e-05
22487.900390625 1.6151833175084513e-05
22497.900390625 1.990857403919829e-05
22507.900390625 1.8059465571583955e-05
22517.900390625 1.6408165295369375e-05
22527.900390625 1.815053452969336e-05
22537.900390625 1.8880917610783607e-05
22547.900390625 1.955771087816107e-05
22557.900390625 2.022473114987004e-05
22567.900390625 1.9471888108254605e-05
22577.900390625 1.7013771617980432e-05
22587.900390625 1.6402018752767754e-05
22597.900390625 2.1545963578902397e-05
22607.900390625 1.9396969890234256e-05
22617.900390625 2.0793872857040026e-05
22627.900390625 1.734358182055838e-05
22637.900390625 1.9751244377991687e-05
22647.900390625 1.7544148435646844e-05
22657.900390625 1.9162686686618077e-05
22667.900390625 2.0826439540653674e-05
22677.900390625 1.9731614806151953e-05
22687.900390625 2.129037527461843e-05
22697.900390625 1.8410530326064735e-05
22707.900390625 1.934699766998204e-05
22717.900390625 1.7093014151423147e-05
22727.900390625 1.805777592710653e-05
22737.900390625 1.8315697298520957e-05
22747.900390625 1.708989352072174e-05
22757.900390625 1.8000570790202874e-05
22767.900390625 1.5342702582928694e-05
22777.900390625 1.3673736234244569e-05
22787.900390625 1.5909971209697513e-05
22797.900390625 1.4801195349030708e-05
22807.900390625 1.4105098352625667e-05
22817.900390625 1.1882524886074934e-05
22827.900390625 9.121477404412358e-06
22837.900390625 1.1700385858069236e-05
22847.900390625 1.3397428062255927e-05
22857.900390625 1.1163504468973085e-05
22867.900390625 1.1318754152252261e-05
22877.900390625 9.179606369396543e-06
22887.900390625 1.335040826189607e-05
22897.900390625 9.579593638008092e-06
22907.900390625 1.0444709427237501e-05
22917.900390625 1.0700020462429571e-05
22927.900390625 8.812051354426879e-06
22937.900390625 1.0210863908701367e-05
22947.900390625 1.045045974067012e-05
22957.900390625 6.6017822636928075e-06
22967.900390625 8.451715622798332e-06
22977.900390625 6.440613827802183e-06
22987.900390625 6.733066895192529e-06
22997.900390625 7.734794908247789e-06
23007.900390625 6.892390011570863e-06
23017.900390625 8.713298557697041e-06
23027.900390625 6.6811751950984705e-06
23037.900390625 7.265426204346986e-06
23047.900390625 6.419709230799974e-06
23057.900390625 7.648990056544113e-06
23067.900390625 6.935331199834543e-06
23077.900390625 4.850159683834699e-06
23087.900390625 7.931745442821719e-06
23097.900390625 5.7073851713327275e-06
23107.900390625 6.7669936975649516e-06
23117.900390625 5.9896502938054746e-06
23127.900390625 5.218359391120132e-06
23137.900390625 5.491684321181135e-06
23147.900390625 5.9500907933836474e-06
23157.900390625 5.7425821347565525e-06
23167.900390625 5.476131727969873e-06
23177.900390625 3.893915156633554e-06
23187.900390625 4.002632734083075e-06
23197.900390625 5.313307168791933e-06
23207.900390625 4.4844054189352546e-06
23217.900390625 4.308289979022957e-06
23227.900390625 4.678489706240858e-06
23237.900390625 3.1624547602527093e-06
23247.900390625 3.7532275479858684e-06
23257.900390625 4.035872201786779e-06
23267.900390625 3.787594371833321e-06
23277.900390625 3.858030335399509e-06
23287.900390625 3.1442322158474827e-06
23297.900390625 3.1519721852764977e-06
23307.900390625 2.9716907058199926e-06
23317.900390625 2.753220220357082e-06
23327.900390625 2.9374888946459693e-06
23337.900390625 2.800838444930884e-06
23347.900390625 2.3269506017634958e-06
23357.900390625 2.217346479729871e-06
23367.900390625 2.0806942121424676e-06
23377.900390625 2.221019451263893e-06
23387.900390625 2.1762806840651953e-06
23397.900390625 2.015847776125604e-06
23407.900390625 1.8070252276003572e-06
23417.900390625 2.2313106680056754e-06
23427.900390625 2.1394271070738176e-06
23437.900390625 1.7818329459041744e-06
23447.900390625 1.775686419703838e-06
23457.900390625 1.6473589363810473e-06
23467.900390625 1.8057087614056723e-06
23477.900390625 1.6579001026550212e-06
23487.900390625 1.7214167560602987e-06
23497.900390625 1.9961212493707892e-06
23507.900390625 1.5583595482618882e-06
23517.900390625 1.6642384610693641e-06
23527.900390625 1.5840994326268923e-06
23537.900390625 1.6798242034888022e-06
23547.900390625 1.7202467724524904e-06
23557.900390625 1.1022684500265692e-06
23567.900390625 1.9861560348529064e-06
23577.900390625 1.502320699319776e-06
23587.900390625 1.3083205248690854e-06
23597.900390625 1.6043784896649916e-06
23607.900390625 1.3461287877747438e-06
23617.900390625 1.095569866050827e-06
23627.900390625 1.2888939402146156e-06
23637.900390625 1.1870803863137976e-06
23647.900390625 1.0525718171640038e-06
23657.900390625 8.917139750079221e-07
23667.900390625 7.145006869444503e-07
23677.900390625 7.466015425034363e-07
23687.900390625 5.136137676340972e-07
23697.900390625 4.97984649362275e-07
23707.900390625 4.625402269813167e-07
23717.900390625 4.250997051711239e-07
23727.900390625 3.655439285459977e-07
23737.900390625 2.3278993681941244e-07
23747.900390625 2.8840747590653603e-07
23757.900390625 2.6187626612196954e-07
23767.900390625 2.2377351740747118e-07
23777.900390625 2.3382449855243645e-07
23787.900390625 2.4650346139381595e-07
23797.900390625 2.4585839919392197e-07
23807.900390625 1.4738948220161176e-07
23817.900390625 1.8734348252436659e-07
23827.900390625 1.793179791913047e-07
23837.900390625 1.3927198598012462e-07
23847.900390625 1.4313155660162984e-07
23857.900390625 1.464048808447529e-07
23867.900390625 1.0732670618254432e-07
23877.900390625 8.751659457425206e-08
23887.900390625 1.0785308902691422e-07
23897.900390625 8.51371207003117e-08
23907.900390625 9.04313968936534e-08
23917.900390625 1.1909021261324899e-07
23927.900390625 7.604870061308109e-08
23937.900390625 8.110053924656928e-08
23947.900390625 6.422190660165659e-08
23957.900390625 6.026184183545105e-08
23967.900390625 5.227008242262886e-08
23977.900390625 4.178566465412342e-08
23987.900390625 3.9197498758581184e-08
23997.900390625 4.6084403493483205e-08
24007.900390625 4.113383425036008e-08
24017.900390625 3.1031870988528426e-08
24027.900390625 3.1034199891943156e-08
24037.900390625 2.3075400107507534e-08
24047.900390625 2.1549292426080658e-08
24057.900390625 2.0960461303166388e-08
24067.900390625 2.060327221415103e-08
24077.900390625 1.4872678350544556e-08
24087.900390625 1.4105463405089204e-08
24097.900390625 1.2068763495866886e-08
24107.900390625 8.975849155709779e-09
24117.900390625 8.831025679322964e-09
24127.900390625 7.891803538160681e-09
24137.900390625 7.801607627733114e-09
24147.900390625 5.198638554889735e-09
24157.900390625 5.595529268441914e-09
24167.900390625 5.084062627442495e-09
24177.900390625 4.060466622083102e-09
24187.900390625 4.726094142948123e-09
24197.900390625 3.4518371655639925e-09
24207.900390625 2.961885119300559e-09
24217.900390625 2.619188616547485e-09
24227.900390625 2.8266119174020667e-09
24237.900390625 1.624307536764268e-09
24247.900390625 1.7045224209538934e-09
24257.900390625 1.561905710331762e-09
24267.900390625 1.4672793487100819e-09
24277.900390625 1.296027074071046e-09
24287.900390625 1.240837385394297e-09
24297.900390625 1.1066044956973374e-09
24307.900390625 1.0072916948372954e-09
24317.900390625 8.589147981636388e-10
24327.900390625 7.701576436311961e-10
24337.900390625 9.082684806482421e-10
24347.900390625 6.779254519166111e-10
24357.900390625 4.858110236870054e-10
24367.900390625 6.552517302011921e-10
24377.900390625 4.819394149431047e-10
24387.900390625 4.65855590510986e-10
24397.900390625 4.803984838640246e-10
24407.900390625 2.7509064350260333e-10
24417.900390625 3.123110467277342e-10
24427.900390625 2.5472834481080216e-10
24437.900390625 2.8252912853273303e-10
24447.900390625 1.5530289538943756e-10
24457.900390625 2.5067916411995563e-10
24467.900390625 2.1268760409919173e-10
24477.900390625 2.193173791622365e-10
24487.900390625 1.1923466281005816e-10
24497.900390625 1.6920259564526382e-10
24507.900390625 1.0134867356718538e-10
24517.900390625 1.0180492774564561e-10
24527.900390625 1.3110766917873754e-10
24537.900390625 9.601679550889011e-11
24547.900390625 8.64506689526058e-11
24557.900390625 6.942992294467555e-11
24567.900390625 6.610787825404778e-11
24577.900390625 6.603941580945405e-11
24587.900390625 6.755568811842426e-11
24597.900390625 6.137046462935649e-11
24607.900390625 4.282849095826377e-11
24617.900390625 4.708246008881795e-11
24627.900390625 5.3924855264763554e-11
24637.900390625 2.8656094475361403e-11
24647.900390625 2.8163939924247713e-11
24657.900390625 3.4299485409343206e-11
24667.900390625 2.5920763361431406e-11
24677.900390625 2.635474181787359e-11
24687.900390625 2.2956240382381905e-11
24697.900390625 1.8001744082649613e-11
24707.900390625 1.6915161976001733e-11
24717.900390625 1.5618036823346392e-11
24727.900390625 1.020026627223152e-11
24737.900390625 1.3941108065026024e-11
24747.900390625 1.1503095220023935e-11
24757.900390625 9.576735794088102e-12
24767.900390625 1.0559894798213223e-11
24777.900390625 6.654681863220736e-12
24787.900390625 5.333655217550785e-12
24797.900390625 6.028833666005582e-12
24807.900390625 6.8512975411345136e-12
24817.900390625 5.68049021191449e-12
24827.900390625 4.904945341444202e-12
24837.900390625 4.228435283540486e-12
24847.900390625 3.4010540976097666e-12
24857.900390625 3.71796651557998e-12
24867.900390625 2.562929277504127e-12
24877.900390625 3.21633574632098e-12
24887.900390625 2.8698651135729685e-12
24897.900390625 2.966369403242751e-12
24907.900390625 2.6016376298132037e-12
24917.900390625 1.9768291118693173e-12
24927.900390625 1.6651147273227026e-12
24937.900390625 1.6096151449630737e-12
24947.900390625 1.8199595121822544e-12
24957.900390625 1.2750835401033901e-12
24967.900390625 1.3759488862223492e-12
24977.900390625 1.231141315947786e-12
24987.900390625 1.3231292650430798e-12
24997.900390625 9.326364975405145e-13
25007.900390625 6.887785100055274e-13
25017.900390625 7.970860205259476e-13
25027.900390625 7.930350529921219e-13
25037.900390625 6.617754666210125e-13
25047.900390625 4.2845684787383237e-13
25057.900390625 4.905040839624116e-13
25067.900390625 5.248967245547933e-13
25077.900390625 5.553025335317039e-13
25087.900390625 3.715536535102975e-13
25097.900390625 3.548188773359517e-13
25107.900390625 3.664019010808575e-13
25117.900390625 3.4202732329544044e-13
25127.900390625 3.2693446024646583e-13
25137.900390625 3.846965170606567e-13
25147.900390625 3.4312322456999987e-13
25157.900390625 2.888106106569289e-13
25167.900390625 2.070849268150783e-13
25177.900390625 2.3670201031707576e-13
25187.900390625 2.4243222067771824e-13
25197.900390625 2.195438134514609e-13
25207.900390625 1.7724290923386778e-13
25217.900390625 1.6076566340640557e-13
25227.900390625 1.5721739553054219e-13
25237.900390625 1.4469580233694823e-13
25247.900390625 1.5336941070751652e-13
25257.900390625 1.3933215448513502e-13
25267.900390625 9.857318518377835e-14
25277.900390625 1.0434186648958131e-13
25287.900390625 9.71894023068335e-14
25297.900390625 1.0745937901639901e-13
25307.900390625 8.346202428176998e-14
25317.900390625 1.0462258151368125e-13
25327.900390625 8.502815371420352e-14
25337.900390625 7.937691715628999e-14
25347.900390625 5.707108045888296e-14
25357.900390625 7.028966487170885e-14
25367.900390625 6.569518320503064e-14
25377.900390625 6.837468916135919e-14
25387.900390625 5.082349756490179e-14
25397.900390625 3.913459891446273e-14
25407.900390625 6.155684772104478e-14
25417.900390625 4.618838612188215e-14
25427.900390625 2.3250274829194584e-14
25437.900390625 1.8418237541299198e-14
25447.900390625 3.883859734142201e-14
25457.900390625 3.4277138928137836e-14
25467.900390625 3.106148741355975e-14
25477.900390625 2.7254013936731908e-14
25487.900390625 2.405206694711552e-14
25497.900390625 2.419181718694057e-14
25507.900390625 1.731557469211923e-14
25517.900390625 2.105259032089303e-14
25527.900390625 1.408970599080634e-14
25537.900390625 1.5636289235542418e-14
25547.900390625 1.182267401456066e-14
25557.900390625 1.2627095603130452e-14
25567.900390625 1.1116361976851422e-14
25577.900390625 1.2505184230383569e-14
25587.900390625 1.0940537701744757e-14
25597.900390625 7.869842964403425e-15
25607.900390625 6.705481018019724e-15
25617.900390625 8.127875984214918e-15
25627.900390625 8.421428609810693e-15
25637.900390625 6.231754409732602e-15
25647.900390625 5.639108476903954e-15
25657.900390625 5.3688963968879224e-15
25667.900390625 6.1376791798871686e-15
25677.900390625 3.475338239387871e-15
25687.900390625 3.928554841794323e-15
25697.900390625 3.964227923693494e-15
25707.900390625 2.1821442101765846e-15
25717.900390625 2.6794595006440517e-15
25727.900390625 2.6191507943633883e-15
25737.900390625 1.8932710190967313e-15
25747.900390625 1.8438177511879394e-15
25757.900390625 2.071928092695412e-15
25767.900390625 2.5262407119217343e-15
25777.900390625 1.2271852050676361e-15
25787.900390625 1.2475492088201584e-15
25797.900390625 1.0392471393569105e-15
25807.900390625 1.5139813296212978e-15
25817.900390625 4.3270726529677685e-16
25827.900390625 7.137915835684268e-16
25837.900390625 5.0105905242325505e-16
25847.900390625 8.110373680525165e-16
25857.900390625 5.669369187296625e-16
25867.900390625 9.486789033995e-16
25877.900390625 1.9915353569095192e-16
25887.900390625 6.120743485196066e-16
25897.900390625 4.885089407559441e-16
25907.900390625 4.953088779537993e-16
25917.900390625 3.6325583477371867e-16
25927.900390625 2.1145822107104046e-16
25937.900390625 3.572743404428353e-16
25947.900390625 3.3720141195907643e-16
25957.900390625 2.860173208439143e-16
25967.900390625 1.9892916631002343e-16
25977.900390625 2.1325775940000837e-16
