5504.000244140625 3.1061988369039536e-10
5514.000244140626 2.2369050035235403e-10
5524.000244140626 3.5299130949154684e-10
5534.000244140626 7.856540588042522e-10
5544.000244140626 7.506039154044229e-10
5554.000244140626 1.0544157911722624e-09
5564.000244140626 7.220681091837136e-10
5574.000244140624 5.946043867423931e-10
5584.000244140624 4.295539952132164e-10
5594.000244140624 4.758918161548172e-10
5604.000244140624 8.564699677613025e-10
5614.000244140624 8.579387911108482e-10
5624.000244140624 5.058732802384552e-10
5634.000244140625 3.4222569031746716e-11
5644.000244140625 2.275014471358387e-11
5654.000244140625 1.202504749898222e-10
5664.000244140625 6.027011474946995e-10
5674.000244140625 6.065753990084729e-10
5684.000244140625 9.761734151701066e-10
5694.000244140625 8.266448108422155e-10
5704.000244140625 7.75717790233312e-10
5714.000244140625 4.694652629935433e-10
5724.000244140625 1.241190027411011e-09
5734.000244140625 1.965195691652813e-09
5744.000244140625 1.8367609731140322e-09
5754.000244140625 1.7458750868520869e-09
5764.000244140625 1.7899927919423745e-09
5774.000244140625 2.8644623491934267e-09
5784.000244140625 1.6732964011617488e-09
5794.000244140625 2.0038525594891458e-09
5804.000244140625 2.000900296691869e-09
5814.000244140625 2.5098904371635338e-09
5824.000244140625 1.338640706153586e-09
5834.000244140625 2.6883718143854915e-09
5844.000244140625 6.5155401280194976e-09
5854.000244140625 6.524555077666699e-09
5864.000244140625 5.142389492251884e-09
5874.000244140625 2.9394460303840543e-09
5884.000244140625 3.2854355846287823e-09
5894.000244140625 2.4174804968652568e-09
5904.000244140625 6.1481505592017464e-09
5914.000244140625 6.340704214423432e-09
5924.000244140625 7.906064871140574e-09
5934.000244140625 7.265367739129016e-09
5944.000244140625 7.007729695637072e-09
5954.000244140625 7.0072776666490905e-09
5964.000244140625 3.719335193016372e-09
5974.000244140625 6.33897717865221e-09
5984.000244140625 9.179032469134309e-09
5994.000244140625 9.738377733017002e-09
6004.000244140625 1.6037601058753494e-08
6014.000244140625 1.2285289201501406e-08
6024.000244140625 8.712158768127447e-09
6034.000244140625 8.646030862473259e-09
6044.000244140625 8.785299009309833e-09
6054.000244140625 8.213070089563642e-09
6064.000244140625 8.175957556365173e-09
6074.000244140625 9.600443899591486e-09
6084.000244140625 1.0537872748697596e-08
6094.000244140625 1.3116207178528889e-08
6104.000244140625 1.5686299664580815e-08
6114.000244140625 1.5516945697121203e-08
6124.000244140625 1.0456890814518895e-08
6134.000244140625 1.1164643868321864e-08
6144.000244140625 8.742098440617293e-09
6154.000244140625 1.140072195429322e-08
6164.000244140625 1.0376035542016978e-08
6174.000244140625 1.0941763838959362e-08
6184.000244140625 1.1566072510399342e-08
6194.000244140625 8.676490202846664e-09
6204.000244140625 9.858411377132023e-09
6214.000244140625 1.2965351529290421e-08
6224.000244140625 1.652617901860336e-08
6234.000244140625 1.579938704480204e-08
6244.000244140625 9.416282570187708e-09
6254.000244140625 8.357721271128584e-09
6264.000244140625 1.1006701864953039e-08
6274.000244140625 1.3233205288762956e-08
6284.000244140625 9.789976015484322e-09
6294.000244140625 6.093735514701341e-09
6304.000244140625 1.5875924297282434e-08
6314.000244140625 2.3920628843133472e-08
6324.000244140625 2.5962073500415943e-08
6334.000244140625 2.479040903155394e-08
6344.000244140625 2.7630921692026996e-08
6354.000244140625 2.9741973626967783e-08
6364.000244140625 2.724478942531268e-08
6374.000244140625 3.2605813227933434e-08
6384.000244140625 2.9768732634919394e-08
6394.000244140625 2.465928401031298e-08
6404.000244140625 2.170187596212682e-08
6414.000244140625 2.356154228474336e-08
6424.000244140625 2.8739801521837802e-08
6434.000244140625 2.6806377703202736e-08
6444.000244140625 2.9929279157352274e-08
6454.000244140625 3.832511892560386e-08
6464.000244140625 3.7701758291644136e-08
6474.000244140625 4.355689292127429e-08
6484.000244140625 4.4721106397257666e-08
6494.000244140625 4.275968808592276e-08
6504.000244140625 4.155419253530402e-08
6514.000244140625 3.8338213595116065e-08
6524.000244140625 4.079475284796639e-08
6534.000244140625 5.040079389488175e-08
6544.000244140625 4.8903896355493394e-08
6554.000244140625 4.414798032193707e-08
6564.000244140625 3.1150685116148256e-08
6574.000244140625 3.969870008722713e-08
6584.000244140625 5.009088060346603e-08
6594.000244140625 4.7296104016509045e-08
6604.000244140625 3.5570085168326686e-08
6614.000244140625 4.4399618171801216e-08
6624.000244140625 4.321049219585322e-08
6634.000244140625 3.753874539851517e-08
6644.000244140625 3.373523381035547e-08
6654.000244140625 2.499329671363512e-08
6664.000244140625 2.880267149446928e-08
6674.000244140625 2.7819635821580507e-08
6684.000244140625 2.788286621529119e-08
6694.000244140625 2.378828637467962e-08
6704.000244140625 2.327611904027594e-08
6714.000244140625 2.762664681265546e-08
6724.000244140625 3.1598485464016946e-08
6734.000244140625 3.1751336296527017e-08
6744.000244140625 3.586562001045229e-08
6754.000244140625 3.597158376240688e-08
6764.000244140626 3.761455509241922e-08
6774.000244140626 3.16076476548352e-08
6784.000244140626 3.619312151663874e-08
6794.000244140626 3.958389773700792e-08
6804.000244140626 2.782477676279155e-08
6814.000244140626 3.103164927778806e-08
6824.000244140624 2.9911494169607946e-08
6834.000244140624 3.6092217552941655e-08
6844.000244140624 4.028262710820454e-08
6854.000244140624 4.013058222108428e-08
6864.000244140624 4.4563327003527775e-08
6874.000244140624 4.3366792438557853e-08
6884.000244140625 5.173141939152856e-08
6894.000244140625 5.913557295038001e-08
6904.000244140625 4.3007822805584555e-08
6914.000244140625 3.6672717016575044e-08
6924.000244140625 3.5692483103389885e-08
6934.000244140625 3.762395259939998e-08
6944.000244140625 2.1093333854503433e-08
6954.000244140625 1.948796831552064e-08
6964.000244140625 1.5717353550442638e-08
6974.000244140625 2.4866462549358015e-08
6984.000244140625 3.499289808087059e-08
6994.000244140625 4.7131308932728295e-08
7004.000244140625 4.609408364525388e-08
7014.000244140625 4.9885769205879606e-08
7024.000244140625 4.641768845781263e-08
7034.000244140625 3.041918446150172e-08
7044.000244140625 4.2500242719567096e-08
7054.000244140625 4.6058898964216756e-08
7064.000244140625 4.693234396304367e-08
7074.000244140625 4.622186058924295e-08
7084.000244140625 5.3911706175764246e-08
7094.000244140625 6.684569978083254e-08
7104.000244140625 5.712768254476799e-08
7114.000244140625 3.6802682218845434e-08
7124.000244140625 4.950279247823457e-08
7134.000244140625 4.9548943021924476e-08
7144.000244140625 3.768518037835179e-08
7154.000244140625 4.4438103324110904e-08
7164.000244140625 4.456658598940681e-08
7174.000244140625 4.0600512437505975e-08
7184.000244140625 3.566675295401815e-08
7194.000244140625 3.9820934397798385e-08
7204.000244140625 3.1273862893368483e-08
7214.000244140625 3.5613727984388445e-08
7224.000244140625 3.655642853549635e-08
7234.000244140625 3.336685084225437e-08
7244.000244140625 2.3922762274407595e-08
7254.000244140625 1.8600718094223242e-08
7264.000244140625 2.790200105534879e-08
7274.000244140625 2.996627297494979e-08
7284.000244140625 3.5407585268533094e-08
7294.000244140625 3.8948511909247524e-08
7304.000244140625 4.677882416913955e-08
7314.000244140625 4.797574690720871e-08
7324.000244140625 4.807646171075674e-08
7334.000244140625 5.2511212844676946e-08
7344.000244140625 6.425216196839885e-08
7354.000244140625 6.699730925154225e-08
7364.000244140625 7.253856972798756e-08
7374.000244140625 6.18933268737156e-08
7384.000244140625 6.236725943657815e-08
7394.000244140625 5.3980948754248305e-08
7404.000244140625 5.6760656662414993e-08
7414.000244140625 4.179561603085656e-08
7424.000244140625 2.5362466576747975e-08
7434.000244140625 1.928491036179513e-08
7444.000244140625 1.9505097206642118e-08
7454.000244140625 3.5387832308720486e-08
7464.000244140625 3.0162688524322205e-08
7474.000244140625 4.836318202937533e-08
7484.000244140625 4.109433164047716e-08
7494.000244140625 4.0948240254416226e-08
7504.000244140625 3.190241043912213e-08
7514.000244140625 3.026685952119984e-08
7524.000244140625 2.9378195363269173e-08
7534.000244140625 2.999215991977471e-08
7544.000244140625 2.8750409432904448e-08
7554.000244140625 2.6651954828011953e-08
7564.000244140625 4.231086490805534e-08
7574.000244140625 5.0672963750146187e-08
7584.000244140625 5.789629413678632e-08
7594.000244140625 4.737573493199086e-08
7604.000244140625 4.590445393848948e-08
7614.000244140625 3.9157276039254094e-08
7624.000244140625 3.924495801999083e-08
7634.000244140625 3.571816785763955e-08
7644.000244140625 3.915403707426152e-08
7654.000244140625 3.843396649203395e-08
7664.000244140625 4.536743807715645e-08
7674.000244140625 5.9118347659063176e-08
7684.000244140625 6.92117902784531e-08
7694.000244140625 6.238480721608272e-08
7704.000244140625 5.503613114599477e-08
7714.000244140625 6.96380492337705e-08
7724.000244140625 6.332909981955229e-08
7734.000244140625 7.516609593214472e-08
7744.000244140625 6.423217198252812e-08
7754.000244140625 6.710064816319345e-08
7764.000244140625 6.048893667435072e-08
7774.000244140625 6.435229505849876e-08
7784.000244140625 5.528944858697501e-08
7794.000244140625 5.776996926916345e-08
7804.000244140625 5.6270279206763846e-08
7814.000244140625 5.563195161729414e-08
7824.000244140625 4.364309066751113e-08
7834.000244140625 4.4679520493738866e-08
7844.000244140625 4.403937013962472e-08
7854.000244140625 4.077794267110519e-08
7864.000244140625 3.834204222336999e-08
7874.000244140625 4.752887574802964e-08
7884.000244140625 6.56120529996528e-08
7894.000244140625 7.146738134880481e-08
7904.000244140625 6.153975214593007e-08
7914.000244140625 4.923504575434075e-08
7924.000244140625 4.5669741562994886e-08
7934.000244140625 4.2393092445344953e-08
7944.000244140625 8.410526864511786e-08
7954.000244140625 1.3893518615425805e-07
7964.000244140625 1.7889261310369344e-07
7974.000244140625 2.0573107386913442e-07
7984.000244140625 2.2674800523444496e-07
7994.000244140625 2.4657680781554877e-07
8004.000244140625 2.42750414599945e-07
8014.000244140626 2.559876194448319e-07
8024.000244140626 2.7564963285814464e-07
8034.000244140626 2.9538160771855006e-07
8044.000244140626 3.0081281747280284e-07
8054.000244140626 3.0742156053449735e-07
8064.000244140626 3.062144351757981e-07
8074.000244140624 3.1992856574843383e-07
8084.000244140624 3.0686022561218513e-07
8094.000244140624 2.846140001309225e-07
8104.000244140624 2.919582092728245e-07
8114.000244140624 2.569949480175059e-07
8124.000244140624 2.0534506990870867e-07
8134.000244140625 1.811639496074923e-07
8144.000244140625 1.57552573630424e-07
8154.000244140625 1.1886372433057491e-07
8164.000244140625 1.0600508339657967e-07
8174.000244140625 9.780164879027842e-08
8184.000244140625 8.077570945141132e-08
8194.000244140625 7.758199979534105e-08
8204.000244140625 6.520273288937391e-08
8214.000244140625 6.505101874925283e-08
8224.000244140625 6.440860683731644e-08
8234.000244140625 6.258886776315143e-08
8244.000244140625 5.914759830414812e-08
8254.000244140625 7.033688093217963e-08
8264.000244140625 7.719824808314375e-08
8274.000244140625 7.501924245527467e-08
8284.000244140625 7.739788551288284e-08
8294.000244140625 6.870901778757182e-08
8304.000244140625 5.79574497496673e-08
8314.000244140625 4.969848466975124e-08
8324.000244140625 4.1350200444198775e-08
8334.000244140625 3.5321682902329734e-08
8344.000244140625 4.384115795733563e-08
8354.000244140625 5.08439585117212e-08
8364.000244140625 5.204145721626605e-08
8374.000244140625 6.083354013024237e-08
8384.000244140625 5.386416961048587e-08
8394.000244140625 4.9843344874291376e-08
8404.000244140625 5.366557036597418e-08
8414.000244140625 6.583780962771153e-08
8424.000244140625 7.110157377298651e-08
8434.000244140625 7.341638347191432e-08
8444.000244140625 6.348006015049745e-08
8454.000244140625 8.754048250360536e-08
8464.000244140625 9.387702930266558e-08
8474.000244140625 8.805267679920546e-08
8484.000244140625 9.029750267737307e-08
8494.000244140625 1.139486380931885e-07
8504.000244140625 9.58754649404251e-08
8514.000244140625 7.22215190562628e-08
8524.000244140625 7.542114077836796e-08
8534.000244140625 6.84116368585428e-08
8544.000244140625 8.469256026789101e-08
8554.000244140625 9.096870544262133e-08
8564.000244140625 1.0052328572942202e-07
8574.000244140625 1.1441351233551513e-07
8584.000244140625 1.3761350536703082e-07
8594.000244140625 1.1739129871282839e-07
8604.000244140625 9.727323882146287e-08
8614.000244140625 1.1811999775780921e-07
8624.000244140625 1.4213179251414604e-07
8634.000244140625 1.1689277130310955e-07
8644.000244140625 1.1000792129227215e-07
8654.000244140625 1.0938426453354282e-07
8664.000244140625 9.321666519869274e-08
8674.000244140625 6.015887470232918e-08
8684.000244140625 4.941543864153823e-08
8694.000244140625 5.833803972998148e-08
8704.000244140625 7.969015612910987e-08
8714.000244140625 7.075908486891686e-08
8724.000244140625 8.657828422392607e-08
8734.000244140625 8.054698098044267e-08
8744.000244140625 1.0043189821389785e-07
8754.000244140625 7.916892781150543e-08
8764.000244140625 1.1638795006178608e-07
8774.000244140625 1.48388329054921e-07
8784.000244140625 1.245119214969785e-07
8794.000244140625 1.2488555276173775e-07
8804.000244140625 2.1357718263414332e-07
8814.000244140625 1.688112503477961e-07
8824.000244140625 1.7111335609801735e-07
8834.000244140625 4.4449919908202587e-07
8844.000244140625 6.739478530129904e-07
8854.000244140625 6.946372999175991e-07
8864.000244140625 8.490293462000012e-07
8874.000244140625 7.488262814522917e-07
8884.000244140625 5.862995235580821e-07
8894.000244140625 8.340183802463047e-07
8904.000244140625 6.828637984701621e-07
8914.000244140625 7.213921234274714e-07
8924.000244140625 9.21926314919538e-07
8934.000244140625 1.1342220039543297e-06
8944.000244140625 8.06667002958501e-07
8954.000244140625 7.341734253708735e-07
8964.000244140625 5.627234199464751e-07
8974.000244140625 4.6561364712272797e-07
8984.000244140625 2.3851794556376904e-07
8994.000244140625 2.685173999844011e-07
9004.000244140625 2.654309666438256e-07
9014.000244140625 2.717113500852368e-07
9024.000244140625 2.8586054254015884e-07
9034.000244140625 2.7696602875135556e-07
9044.000244140625 2.655052478412242e-07
9054.000244140625 2.5618534121509137e-07
9064.000244140625 2.3466962029255498e-07
9074.000244140625 2.2338523901148125e-07
9084.000244140625 2.3015797070338133e-07
9094.000244140625 1.9547974839899115e-07
9104.000244140625 1.9636214287190727e-07
9114.000244140625 2.1601284792256954e-07
9124.000244140625 1.9711202510752647e-07
9134.000244140625 1.9781043246949636e-07
9144.000244140625 2.1732863411074466e-07
9154.000244140625 2.0802653025772052e-07
9164.000244140625 1.8923183995817125e-07
9174.000244140625 1.834789943267475e-07
9184.000244140625 1.8189642933570475e-07
9194.000244140625 2.1181706874740393e-07
9204.000244140625 2.0980511748273317e-07
9214.000244140625 2.2121906577665808e-07
9224.000244140625 2.656068910302422e-07
9234.000244140625 2.868242214577662e-07
9244.000244140625 2.85095866412235e-07
9254.000244140625 3.068923990372666e-07
9264.000244140626 3.0085551271815385e-07
9274.000244140626 2.917197565590102e-07
9284.000244140626 3.0591781512565643e-07
9294.000244140626 3.2360233102829233e-07
9304.000244140626 3.2031564163147515e-07
9314.000244140626 3.484147142179768e-07
9324.000244140624 3.655163102361638e-07
9334.000244140624 3.8346018162798683e-07
9344.000244140624 3.880646793908149e-07
9354.000244140624 4.069446812846878e-07
9364.000244140624 4.1716577626534133e-07
9374.000244140624 4.16534145541816e-07
9384.000244140625 4.06183630386651e-07
9394.000244140625 4.1526685850218426e-07
9404.000244140625 4.2088456400995394e-07
9414.000244140625 4.09030415158686e-07
9424.000244140625 3.9925176913079305e-07
9434.000244140625 3.8419844738059905e-07
9444.000244140625 3.897560158569163e-07
9454.000244140625 4.12192491659604e-07
9464.000244140625 3.9505548933744515e-07
9474.000244140625 3.749727542679182e-07
9484.000244140625 3.950365673616892e-07
9494.000244140625 3.883070009504828e-07
9504.000244140625 3.597921176073055e-07
9514.000244140625 3.912029802350915e-07
9524.000244140625 3.979360407704299e-07
9534.000244140625 3.8972176181007024e-07
9544.000244140625 3.987638127444467e-07
9554.000244140625 3.897817530975959e-07
9564.000244140625 3.587482891150765e-07
9574.000244140625 3.606967230216313e-07
9584.000244140625 3.64890673332751e-07
9594.000244140625 3.2098982375789174e-07
9604.000244140625 3.0178189692380546e-07
9614.000244140625 3.13510568027483e-07
9624.000244140625 3.0090769625319447e-07
9634.000244140625 2.8648398365491714e-07
9644.000244140625 3.0419767797442694e-07
9654.000244140625 3.0727710285615756e-07
9664.000244140625 3.031695248154857e-07
9674.000244140625 2.9974691715419367e-07
9684.000244140625 3.07674350788922e-07
9694.000244140625 3.070003258641335e-07
9704.000244140625 2.966775970385794e-07
9714.000244140625 3.0107296829643183e-07
9724.000244140625 3.2075278273654183e-07
9734.000244140625 3.1670080945602665e-07
9744.000244140625 3.1483988248444205e-07
9754.000244140625 3.394778553144846e-07
9764.000244140625 3.531260070227581e-07
9774.000244140625 3.5294971441659485e-07
9784.000244140625 3.3792170314392576e-07
9794.000244140625 3.423833735730531e-07
9804.000244140625 3.3239727698644785e-07
9814.000244140625 3.408439504750303e-07
9824.000244140625 3.3224090918128223e-07
9834.000244140625 3.3655024618557256e-07
9844.000244140625 3.225938760478758e-07
9854.000244140625 3.1018545880567306e-07
9864.000244140625 2.8350489207913953e-07
9874.000244140625 2.9585219335184373e-07
9884.000244140625 3.0346479100832777e-07
9894.000244140625 3.09799582774048e-07
9904.000244140625 3.0891729107715894e-07
9914.000244140625 3.122352709799365e-07
9924.000244140625 3.084330286076082e-07
9934.000244140625 2.935997058996335e-07
9944.000244140625 2.7828203540981624e-07
9954.000244140625 9.038458120691604e-07
9964.000244140625 1.5220308709167924e-06
9974.000244140625 1.894490816682434e-06
9984.000244140625 2.0990207005656345e-06
9994.000244140625 2.5496731613333183e-06
10004.000244140625 2.6456648023575436e-06
10014.000244140624 2.739642078726643e-06
10024.000244140625 2.6063408793731617e-06
10034.000244140624 2.515302289512994e-06
10044.000244140625 2.413601220809639e-06
10054.000244140624 2.4206459140049336e-06
10064.000244140625 2.332965487140698e-06
10074.000244140624 2.4596303709771092e-06
10084.000244140625 2.482852601483672e-06
10094.000244140624 2.414579862403922e-06
10104.000244140625 2.328506529877923e-06
10114.000244140624 2.485834545309468e-06
10124.000244140625 2.5839584628735134e-06
10134.000244140624 2.5338451567713905e-06
10144.000244140625 2.5656074047891804e-06
10154.000244140624 2.4828852272930635e-06
10164.000244140625 2.294206471125101e-06
10174.000244140624 2.278106636783505e-06
10184.000244140625 2.311784392349915e-06
10194.000244140624 2.3869402646480957e-06
10204.000244140625 2.291545863692596e-06
10214.000244140624 2.2510088491600625e-06
10224.000244140625 2.2286397014608664e-06
10234.000244140624 2.243173915598684e-06
10244.000244140625 2.318283947389015e-06
10254.000244140624 2.1745074981693896e-06
10264.000244140625 1.9528295638819836e-06
10274.000244140624 1.9007158941235956e-06
10284.000244140625 2.241830872382768e-06
10294.000244140624 2.3844345145432345e-06
10304.000244140625 2.3646843743719058e-06
10314.000244140624 2.384933553280477e-06
10324.000244140625 2.1974721301975917e-06
10334.000244140624 2.1289216421229176e-06
10344.000244140625 2.01584698573758e-06
10354.000244140624 2.0473569313671975e-06
10364.000244140625 2.121320359924907e-06
10374.000244140624 2.1332195192692556e-06
10384.000244140625 2.1492948752095653e-06
10394.000244140624 2.1438254867650012e-06
10404.000244140625 2.0558746364312973e-06
10414.000244140624 2.0232729662809186e-06
10424.000244140625 2.015798466331027e-06
10434.000244140624 1.969456113760764e-06
10444.000244140625 1.9436415791979195e-06
10454.000244140624 1.8538311531615395e-06
10464.000244140625 2.019608592412533e-06
10474.000244140624 2.0930528038281555e-06
10484.000244140625 2.136768060757977e-06
10494.000244140624 2.0018196370205863e-06
10504.000244140625 2.10068033161772e-06
10514.000244140624 2.069792135979145e-06
10524.000244140626 2.0318131951900317e-06
10534.000244140624 1.9807601333035663e-06
10544.000244140626 1.9998415133229966e-06
10554.000244140624 1.8580885324510122e-06
10564.000244140626 1.8446644368328319e-06
10574.000244140624 1.7049503206235856e-06
10584.000244140626 1.8759086909804848e-06
10594.000244140624 1.96746948166699e-06
10604.000244140626 1.8781959511085925e-06
10614.000244140624 1.815582239592446e-06
10624.000244140626 1.933369889487884e-06
10634.000244140625 1.9096608296682927e-06
10644.000244140626 1.7699958219488662e-06
10654.000244140625 1.8503782003513325e-06
10664.000244140626 1.6841178363811373e-06
10674.000244140625 1.7750569624269356e-06
10684.000244140626 1.9350312272533857e-06
10694.000244140625 1.914715854212287e-06
10704.000244140626 1.822901694698886e-06
10714.000244140625 1.8665897031592226e-06
10724.000244140626 1.8779450426664809e-06
10734.000244140625 1.9383824824631124e-06
10744.000244140626 1.7747621038101987e-06
10754.000244140625 1.8210649815476756e-06
10764.000244140626 1.8640049856735293e-06
10774.000244140625 1.8845755866715795e-06
10784.000244140626 1.930115389472369e-06
10794.000244140625 1.7382889534500455e-06
10804.000244140626 1.6922692892267255e-06
10814.000244140625 1.8072160317349045e-06
10824.000244140626 1.8043575626076303e-06
10834.000244140625 1.8728494060834376e-06
10844.000244140626 1.931083999395656e-06
10854.000244140625 1.889829259461971e-06
10864.000244140626 1.823189677751239e-06
10874.000244140625 1.785506484895222e-06
10884.000244140626 1.9288110152005777e-06
10894.000244140625 1.813412204152107e-06
10904.000244140626 1.805371807784735e-06
10914.000244140625 1.750095995338924e-06
10924.000244140626 1.8560052107605921e-06
10934.000244140625 1.8651849811058395e-06
10944.000244140626 1.9742047184213096e-06
10954.000244140625 1.8439718634644148e-06
10964.000244140626 1.720982447778423e-06
10974.000244140625 1.6395936301864526e-06
10984.000244140626 1.714895293937378e-06
10994.000244140625 1.887453534228169e-06
11004.000244140626 1.8215246596365595e-06
11014.000244140625 1.745178290582484e-06
11024.000244140626 1.8805416085527644e-06
11034.000244140625 1.8605666679436514e-06
11044.000244140626 1.7782462565666907e-06
11054.000244140625 1.7573075565798989e-06
11064.000244140626 1.7900829379303188e-06
11074.000244140625 1.7829706848673157e-06
11084.000244140626 1.7369747167727215e-06
11094.000244140625 1.8743229360488333e-06
11104.000244140626 1.9042240225119059e-06
11114.000244140625 1.8240431643461156e-06
11124.000244140626 1.6444302892535931e-06
11134.000244140625 1.7024928686109415e-06
11144.000244140626 1.7507404720294148e-06
11154.000244140625 1.951870127275261e-06
11164.000244140626 1.7996043944609108e-06
11174.000244140625 1.6651520762005164e-06
11184.000244140626 1.771000582183975e-06
11194.000244140625 1.6785052353798156e-06
11204.000244140624 1.5808941208868632e-06
11214.000244140625 1.5948482200129918e-06
11224.000244140624 1.6774337934149918e-06
11234.000244140625 1.6927074408573324e-06
11244.000244140624 1.6567749661534794e-06
11254.000244140625 1.7105405464590547e-06
11264.000244140624 1.749355488501235e-06
11274.000244140625 1.7255494323812682e-06
11284.000244140624 1.7214235978941177e-06
11294.000244140625 1.7340907384620649e-06
11304.000244140624 1.7110818145605517e-06
11314.000244140625 1.7497530602303613e-06
11324.000244140624 1.7826090561180179e-06
11334.000244140625 1.7456663400000114e-06
11344.000244140624 1.6679394121586323e-06
11354.000244140625 1.703491723397211e-06
11364.000244140624 1.6215985025334827e-06
11374.000244140625 1.7738165705920108e-06
11384.000244140624 1.7489956480406038e-06
11394.000244140625 1.605146138784756e-06
11404.000244140624 1.5867096597647212e-06
11414.000244140625 1.604484475320005e-06
11424.000244140624 1.6919733441889234e-06
11434.000244140625 1.811894031484409e-06
11444.000244140624 1.7312124280318614e-06
11454.000244140625 1.696917334132468e-06
11464.000244140624 1.753734552024216e-06
11474.000244140625 1.8296869310955535e-06
11484.000244140624 1.836253622031655e-06
11494.000244140625 1.897310500350596e-06
11504.000244140624 1.783700500204692e-06
11514.000244140625 1.6183595880409091e-06
11524.000244140624 1.5441490052365737e-06
11534.000244140625 1.6503783086276357e-06
11544.000244140624 1.6695108234715058e-06
11554.000244140625 1.6663802203304331e-06
11564.000244140624 1.770879985516423e-06
11574.000244140625 1.8082166674146412e-06
11584.000244140624 1.8870805806360196e-06
11594.000244140625 1.7919328094485798e-06
11604.000244140624 1.7733000446352658e-06
11614.000244140625 1.9186153394161845e-06
11624.000244140624 1.763121632653379e-06
11634.000244140625 1.6683421746113705e-06
11644.000244140624 1.8208297337927315e-06
11654.000244140625 1.7822964217980485e-06
11664.000244140624 1.825525292415457e-06
11674.000244140625 1.8267198079385254e-06
11684.000244140624 1.9475438134950526e-06
11694.000244140625 1.8130324539315958e-06
11704.000244140624 1.7229294923318966e-06
11714.000244140625 1.7415316428016425e-06
11724.000244140624 1.6493312658096985e-06
11734.000244140625 1.7373538881313533e-06
11744.000244140624 1.737648628528742e-06
11754.000244140625 1.7157203297714436e-06
11764.000244140624 1.6960042816645316e-06
11774.000244140626 1.7408214841684553e-06
11784.000244140624 1.726680177012239e-06
11794.000244140626 1.7970489956583158e-06
11804.000244140624 1.8068980642243314e-06
11814.000244140626 1.7934401611329566e-06
11824.000244140624 1.7584823609182283e-06
11834.000244140626 1.7220749628667214e-06
11844.000244140624 1.8003776027621859e-06
11854.000244140626 1.7598644724691495e-06
11864.000244140624 1.6593399772542022e-06
11874.000244140626 1.8091501026936273e-06
11884.000244140625 1.8393041830288287e-06
11894.000244140626 1.784985073264838e-06
11904.000244140625 1.6655948916993477e-06
11914.000244140626 1.731679047305823e-06
11924.000244140625 2.019086913315338e-06
11934.000244140626 1.9813701715035222e-06
11944.000244140625 1.8150365659598928e-06
11954.000244140626 1.806901856384819e-06
11964.000244140625 1.777521137020878e-06
11974.000244140626 1.848508186084021e-06
11984.000244140625 1.8859872262726242e-06
11994.000244140626 1.8690826484426045e-06
12004.000244140625 1.7977391973960535e-06
12014.000244140626 1.7384600587763427e-06
12024.000244140625 1.7913596434736515e-06
12034.000244140626 1.900994174478432e-06
12044.000244140625 1.805640526213149e-06
12054.000244140626 1.5584030297799563e-06
12064.000244140625 1.7282499460525842e-06
12074.000244140626 1.8147230638974895e-06
12084.000244140625 1.8557624156670099e-06
12094.000244140626 1.7988603321634165e-06
12104.000244140625 1.6888079865988101e-06
12114.000244140626 1.6859971964967603e-06
12124.000244140625 1.6123594927023777e-06
12134.000244140626 1.6302601978308963e-06
12144.000244140625 1.7364839356524069e-06
12154.000244140626 1.611365997195503e-06
12164.000244140625 1.5270091391003136e-06
12174.000244140626 1.6949349918179205e-06
12184.000244140625 1.8297092683444855e-06
12194.000244140626 1.753223700354607e-06
12204.000244140625 1.8027059857707705e-06
12214.000244140626 1.8255868923030665e-06
12224.000244140625 1.8499851773312576e-06
12234.000244140626 1.7450573006234884e-06
12244.000244140625 1.8076022738648079e-06
12254.000244140626 1.943554657934573e-06
12264.000244140625 1.9790992326440034e-06
12274.000244140626 1.9062747680580842e-06
12284.000244140625 1.928312383321153e-06
12294.000244140626 1.9177814226466472e-06
12304.000244140625 1.8255572450765694e-06
12314.000244140626 1.8049388108060262e-06
12324.000244140625 1.7339214883314616e-06
12334.000244140626 1.7356295090401453e-06
12344.000244140625 1.8773905184489577e-06
12354.000244140626 1.9516859650259252e-06
12364.000244140625 1.940303944320622e-06
12374.000244140626 1.8389376223904476e-06
12384.000244140625 1.8319044181169337e-06
12394.000244140626 1.846924203125946e-06
12404.000244140625 1.89916591205019e-06
12414.000244140626 1.8533947943048674e-06
12424.000244140625 1.8599635270501892e-06
12434.000244140626 1.8546107098265957e-06
12444.000244140625 1.8488111153130314e-06
12454.000244140624 1.8803790919430514e-06
12464.000244140625 1.8662010029140602e-06
12474.000244140624 2.03768012299017e-06
12484.000244140625 2.083796970189018e-06
12494.000244140624 2.0409417168530612e-06
12504.000244140625 1.8803696445269043e-06
12514.000244140624 1.9010592916105082e-06
12524.000244140625 2.0091202608674902e-06
12534.000244140624 1.8983768482084008e-06
12544.000244140625 1.9559062509536674e-06
12554.000244140624 1.9167573502186837e-06
12564.000244140625 1.8968633302451432e-06
12574.000244140624 1.8697032901762442e-06
12584.000244140625 1.8551036737112492e-06
12594.000244140624 1.92905477203004e-06
12604.000244140625 1.8540617518000167e-06
12614.000244140624 1.8229110753324583e-06
12624.000244140625 1.9531210276770967e-06
12634.000244140624 2.1509187625729366e-06
12644.000244140625 2.1621314067217032e-06
12654.000244140624 1.9459238729504676e-06
12664.000244140625 1.862836133055041e-06
12674.000244140624 1.8869064293151268e-06
12684.000244140625 1.9069948721928539e-06
12694.000244140624 1.87072942716153e-06
12704.000244140625 1.927734004737018e-06
12714.000244140624 1.9394140017156487e-06
12724.000244140625 1.9364526385075374e-06
12734.000244140624 2.01617684894959e-06
12744.000244140625 1.9919866712821545e-06
12754.000244140624 1.7591251766102488e-06
12764.000244140625 1.9222116949551443e-06
12774.000244140624 2.041020804227437e-06
12784.000244140625 1.928945711403391e-06
12794.000244140624 1.815863229396845e-06
12804.000244140625 1.8570051943112185e-06
12814.000244140624 1.9362013901035442e-06
12824.000244140625 1.952836153070475e-06
12834.000244140624 1.962981201672228e-06
12844.000244140625 1.8843625869923393e-06
12854.000244140624 1.8317509980300871e-06
12864.000244140625 1.8398178040117138e-06
12874.000244140624 1.8934659194016237e-06
12884.000244140625 2.0458924536354634e-06
12894.000244140624 2.080714229806566e-06
12904.000244140625 1.9807681990775858e-06
12914.000244140624 2.0107784609842918e-06
12924.000244140625 2.0447329787810432e-06
12934.000244140624 2.0669295075004195e-06
12944.000244140625 2.0959473774835173e-06
12954.000244140624 1.9799251124817702e-06
12964.000244140625 1.963349575018995e-06
12974.000244140624 2.0511820382849218e-06
12984.000244140625 2.094455173373523e-06
12994.000244140624 1.9824545736159924e-06
13004.000244140625 1.98535469805243e-06
13014.000244140624 2.0668434349274385e-06
13024.000244140626 2.010364570565409e-06
13034.000244140624 2.12535579325403e-06
13044.000244140626 2.027699016193745e-06
13054.000244140624 2.043946309339276e-06
13064.000244140626 2.050711601626209e-06
13074.000244140624 2.0545725836098133e-06
13084.000244140626 1.9864315984736886e-06
13094.000244140624 2.056427654567961e-06
13104.000244140626 2.1388039077781315e-06
13114.000244140624 2.2284333412639688e-06
13124.000244140626 2.1041287214365157e-06
13134.000244140625 2.21201713689235e-06
13144.000244140626 2.1377419010690003e-06
13154.000244140625 2.0316411163087255e-06
13164.000244140626 2.0533020545477037e-06
13174.000244140625 2.1120031497358283e-06
13184.000244140626 2.1604637680217626e-06
13194.000244140625 2.0769709500999834e-06
13204.000244140626 2.0204713025537353e-06
13214.000244140625 2.1122900998405153e-06
13224.000244140626 2.033352608659089e-06
13234.000244140625 2.0567951698301424e-06
13244.000244140626 1.8505762395312366e-06
13254.000244140625 1.9490383007805213e-06
13264.000244140626 2.0290538583271947e-06
13274.000244140625 2.025350531272037e-06
13284.000244140626 2.006219699104735e-06
13294.000244140625 2.1256431486446165e-06
13304.000244140626 2.1950580271008175e-06
13314.000244140625 2.2146110789518034e-06
13324.000244140626 1.971446325843051e-06
13334.000244140625 1.9885422423617502e-06
13344.000244140626 2.009488294879677e-06
13354.000244140625 2.0182923256500053e-06
13364.000244140626 2.1334916482449795e-06
13374.000244140625 2.1124192416143116e-06
13384.000244140626 2.0712002775099666e-06
13394.000244140625 2.1235900498879676e-06
13404.000244140626 2.146302270163559e-06
13414.000244140625 2.136765276494083e-06
13424.000244140626 2.252681851778917e-06
13434.000244140625 2.444953986124802e-06
13444.000244140626 2.3394543641761924e-06
13454.000244140625 2.171113527078251e-06
13464.000244140626 2.250262256511589e-06
13474.000244140625 2.3358427447027665e-06
13484.000244140626 2.4492768833009848e-06
13494.000244140625 2.603103228960861e-06
13504.000244140626 2.4362502824077872e-06
13514.000244140625 2.268569693487331e-06
13524.000244140626 2.377894806396054e-06
13534.000244140625 2.636143988278375e-06
13544.000244140626 2.3532651509418337e-06
13554.000244140625 2.316649683432805e-06
13564.000244140626 2.4865997048286865e-06
13574.000244140625 2.3739079854890924e-06
13584.000244140626 2.427726390602532e-06
13594.000244140625 2.8166571818842313e-06
13604.000244140626 2.9187879875689373e-06
13614.000244140625 2.5610199482302694e-06
13624.000244140626 2.5408200477289962e-06
13634.000244140625 2.485453043204148e-06
13644.000244140626 2.407167163741338e-06
13654.000244140625 2.477982491565525e-06
13664.000244140626 2.604142883190796e-06
13674.000244140625 2.382028421394173e-06
13684.000244140626 2.372237102326389e-06
13694.000244140625 2.5052792393194425e-06
13704.000244140624 2.6609983158846598e-06
13714.000244140625 2.624830556942276e-06
13724.000244140624 2.582455360242894e-06
13734.000244140625 2.7276864314573954e-06
13744.000244140624 2.6561884815928753e-06
13754.000244140625 2.717361830767594e-06
13764.000244140624 2.727406035678404e-06
13774.000244140625 2.851386010558738e-06
13784.000244140624 2.6860657955447626e-06
13794.000244140625 2.7990360892390104e-06
13804.000244140624 2.69830336144924e-06
13814.000244140625 2.689494642904328e-06
13824.000244140624 2.7851666367770093e-06
13834.000244140625 2.7338725503285437e-06
13844.000244140624 2.7339492171032765e-06
13854.000244140625 2.7301440778359296e-06
13864.000244140624 2.733092176283699e-06
13874.000244140625 2.5086245094661077e-06
13884.000244140624 2.5389055290442456e-06
13894.000244140625 2.48547675228689e-06
13904.000244140624 2.4415766658261875e-06
13914.000244140625 2.3962233211857126e-06
13924.000244140624 2.5282664196118435e-06
13934.000244140625 2.5303139067207975e-06
13944.000244140624 2.5061622945720285e-06
13954.000244140625 2.3421669887520097e-06
13964.000244140624 2.388415794917292e-06
13974.000244140625 2.5075446160978926e-06
13984.000244140624 2.4574117928222017e-06
13994.000244140625 2.428549361243923e-06
14004.000244140624 2.4521411281242342e-06
14014.000244140625 2.655966991656192e-06
14024.000244140624 2.6947687777592013e-06
14034.000244140625 2.701446604110039e-06
14044.000244140624 2.655224727695579e-06
14054.000244140625 2.3710070615782456e-06
14064.000244140624 2.227301234405472e-06
14074.000244140625 2.3597707094521947e-06
14084.000244140624 2.3754555279077014e-06
14094.000244140625 2.4811958328433392e-06
14104.000244140624 2.399051923336341e-06
14114.000244140625 2.1446549008369777e-06
14124.000244140624 2.216933214033569e-06
14134.000244140625 2.421384265980576e-06
14144.000244140624 2.421528896547737e-06
14154.000244140625 2.529673975112662e-06
14164.000244140624 2.4389325210289585e-06
14174.000244140625 2.5673916629305485e-06
14184.000244140624 2.5847558527589006e-06
14194.000244140625 2.581721828273564e-06
14204.000244140624 2.392131440748444e-06
14214.000244140625 2.2450662011982028e-06
14224.000244140624 2.2763915683147386e-06
14234.000244140625 2.454603228595851e-06
14244.000244140624 2.5600542586392864e-06
14254.000244140625 2.4019222136980863e-06
14264.000244140624 2.208026896821312e-06
14274.000244140626 2.3308027711808985e-06
14284.000244140624 2.369457310069113e-06
14294.000244140626 2.4521316752396057e-06
14304.000244140624 2.4091655139156705e-06
14314.000244140626 2.4325684234505895e-06
14324.000244140624 2.48972937701051e-06
14334.000244140626 2.6164618150231904e-06
14344.000244140624 2.54645536415114e-06
14354.000244140626 2.351535940693841e-06
14364.000244140624 2.3343774079453357e-06
14374.000244140626 2.6605697681004103e-06
14384.000244140625 2.5853435822930547e-06
14394.000244140626 2.3404426717989316e-06
14404.000244140625 2.3905214667520843e-06
14414.000244140626 2.399375950193715e-06
14424.000244140625 2.4064060135271536e-06
14434.000244140626 2.4697708806160283e-06
14444.000244140625 2.3949323965807333e-06
14454.000244140626 2.4656363993391276e-06
14464.000244140625 2.401449408913305e-06
14474.000244140626 2.2296862696080825e-06
14484.000244140625 2.347593298549207e-06
14494.000244140626 2.3847473925321016e-06
14504.000244140625 2.4201683007895727e-06
14514.000244140626 2.4844620897889084e-06
14524.000244140625 2.553039990113042e-06
14534.000244140626 2.5229918670140002e-06
14544.000244140625 2.5067647233458176e-06
14554.000244140626 2.4528958135945555e-06
14564.000244140625 2.3391149140914455e-06
14574.000244140626 2.3174794528949134e-06
14584.000244140625 2.5205650383989763e-06
14594.000244140626 2.6043761021146132e-06
14604.000244140625 2.596022811746465e-06
14614.000244140626 2.5043140937595074e-06
14624.000244140625 2.2506813912373186e-06
14634.000244140626 2.26631986495815e-06
14644.000244140625 2.302653966958407e-06
14654.000244140626 2.473271154123567e-06
14664.000244140625 2.5869599173113716e-06
14674.000244140626 2.738668713017617e-06
14684.000244140625 2.7388356228517465e-06
14694.000244140626 2.9218268553895253e-06
14704.000244140625 2.8535281955033677e-06
14714.000244140626 2.869761877105634e-06
14724.000244140625 2.9331813979497906e-06
14734.000244140626 2.8720110301719513e-06
14744.000244140625 2.7448496398042452e-06
14754.000244140626 2.7430790663571905e-06
14764.000244140625 2.763643651253749e-06
14774.000244140626 2.616886808547095e-06
14784.000244140625 2.665967447354643e-06
14794.000244140626 2.5992195935986345e-06
14804.000244140625 2.639880903537791e-06
14814.000244140626 2.4257260788017877e-06
14824.000244140625 2.404439141052668e-06
14834.000244140626 2.4430091855155694e-06
14844.000244140625 2.595688459220967e-06
14854.000244140626 2.8056320698278253e-06
14864.000244140625 2.864728332971749e-06
14874.000244140626 2.6498566151667034e-06
14884.000244140625 2.866821391697283e-06
14894.000244140626 2.9503351963257347e-06
14904.000244140625 2.7935389613009036e-06
14914.000244140626 2.5465042002607897e-06
14924.000244140625 2.681457459001066e-06
14934.000244140626 2.8834889664711362e-06
14944.000244140625 2.865985257949543e-06
14954.000244140624 2.946071494294809e-06
14964.000244140625 2.931289266865202e-06
14974.000244140624 2.955128735164547e-06
14984.000244140625 3.018452825476171e-06
14994.000244140624 2.96294845118374e-06
15004.000244140625 3.0814782070249387e-06
15014.000244140624 2.9590665550234167e-06
15024.000244140625 2.8882912853225226e-06
15034.000244140624 2.7561562628453354e-06
15044.000244140625 2.6813440445549863e-06
15054.000244140624 2.850115951968699e-06
15064.000244140625 2.977997228402168e-06
15074.000244140624 2.87709984618349e-06
15084.000244140625 2.962877814189677e-06
15094.000244140624 2.9083285210941513e-06
15104.000244140625 2.764905046173163e-06
15114.000244140624 2.8408333893320613e-06
15124.000244140625 2.9330369137199696e-06
15134.000244140624 3.0683829267290165e-06
15144.000244140625 3.2574010337642712e-06
15154.000244140624 3.2011612150995327e-06
15164.000244140625 3.3523156648518265e-06
15174.000244140624 3.1563339297180738e-06
15184.000244140625 3.042552153407416e-06
15194.000244140624 3.009659652765659e-06
15204.000244140625 2.8684841754382625e-06
15214.000244140624 2.9779255722605235e-06
15224.000244140625 3.017114576299853e-06
15234.000244140624 3.3433718004520854e-06
15244.000244140625 3.4958214421766327e-06
15254.000244140624 3.3697222660989743e-06
15264.000244140625 3.1091597841564216e-06
15274.000244140624 3.229258818576189e-06
15284.000244140625 3.300743580473619e-06
15294.000244140624 3.2387230669160065e-06
15304.000244140625 3.185428013238954e-06
15314.000244140624 3.2867009515911553e-06
15324.000244140625 3.084184012889825e-06
15334.000244140624 3.1545056981778762e-06
15344.000244140625 3.2052431561641902e-06
15354.000244140624 3.0766833540469765e-06
15364.000244140625 2.9576074811950143e-06
15374.000244140624 3.1289072183955626e-06
15384.000244140625 3.0937845865320486e-06
15394.000244140624 3.2296615642409416e-06
15404.000244140625 3.0599356195141395e-06
15414.000244140624 3.0205575891508063e-06
15424.000244140625 3.142788394146689e-06
15434.000244140624 3.2566491632014253e-06
15444.000244140625 3.210775669337139e-06
15454.000244140624 2.881809466447159e-06
15464.000244140625 2.9375823845520818e-06
15474.000244140624 3.2929371808564486e-06
15484.000244140625 3.3550141879486616e-06
15494.000244140624 3.220188941693729e-06
15504.000244140625 3.281488692936986e-06
15514.000244140624 3.141507395481999e-06
15524.000244140626 3.364025949658632e-06
15534.000244140624 3.512089244697446e-06
15544.000244140626 3.500777803145765e-06
15554.000244140624 3.616557077700155e-06
15564.000244140626 3.6965489893378393e-06
15574.000244140624 3.629107908169586e-06
15584.000244140626 3.4701513404004403e-06
15594.000244140624 3.442525717158488e-06
15604.000244140626 3.376961129279489e-06
15614.000244140624 3.439914239191891e-06
15624.000244140626 3.5151552758730956e-06
15634.000244140625 3.39806549220991e-06
15644.000244140626 3.398085338065305e-06
15654.000244140625 3.6798238794137733e-06
15664.000244140626 3.4663558009848775e-06
15674.000244140625 3.4347021953954263e-06
15684.000244140626 3.646124608349138e-06
15694.000244140625 3.8079867066284972e-06
15704.000244140626 3.749865508349038e-06
15714.000244140625 3.5608513757543358e-06
15724.000244140626 3.507664315723416e-06
15734.000244140625 3.6003063880642296e-06
15744.000244140626 3.481241305531362e-06
15754.000244140625 3.5874341386164262e-06
15764.000244140626 3.7880827042834182e-06
15774.000244140625 3.72326814174139e-06
15784.000244140626 3.5857392622039593e-06
15794.000244140625 3.375812291759582e-06
15804.000244140626 3.717657082716535e-06
15814.000244140625 3.821134066507083e-06
15824.000244140626 3.578334551956671e-06
15834.000244140625 3.638659011346488e-06
15844.000244140626 3.692232573958591e-06
15854.000244140625 3.7705674891631285e-06
15864.000244140626 3.815908986907993e-06
15874.000244140625 3.6955296649514154e-06
15884.000244140626 3.82611852158979e-06
15894.000244140625 3.779156718246795e-06
15904.000244140626 3.518910376853093e-06
15914.000244140625 3.937002453070634e-06
15924.000244140626 3.954348517433825e-06
15934.000244140625 3.6391735947342174e-06
15944.000244140626 3.8286215149122265e-06
15954.000244140625 3.8821987634186474e-06
15964.000244140626 3.5918978263380756e-06
15974.000244140625 3.3254195523928316e-06
15984.000244140626 3.362419880850742e-06
15994.000244140625 3.5463418849009133e-06
16004.000244140626 3.957729862702054e-06
16014.000244140625 4.134332926202357e-06
16024.000244140626 4.0211078535358575e-06
16034.000244140625 4.13845444294021e-06
16044.000244140626 4.089008470599859e-06
16054.000244140625 4.0759724629640055e-06
16064.000244140626 3.738792077630586e-06
16074.000244140625 3.875875205133271e-06
16084.000244140626 4.143458709241204e-06
16094.000244140625 4.123508611610538e-06
16104.000244140626 3.841497580832935e-06
16114.000244140625 3.8756748736293334e-06
16124.000244140626 3.9885715081069665e-06
16134.000244140625 4.086298869399597e-06
16144.000244140626 3.922754926271594e-06
16154.000244140625 4.152333014669037e-06
16164.000244140626 4.1298052336144255e-06
16174.000244140625 4.339334843349923e-06
16184.000244140626 4.552190762999052e-06
16194.000244140625 4.533102566087593e-06
16204.000244140624 4.481507862800376e-06
16214.000244140625 4.14296351829971e-06
16224.000244140624 4.1576964447024845e-06
16234.000244140625 4.223194308773207e-06
16244.000244140624 4.399975029361663e-06
16254.000244140625 4.578603333230187e-06
16264.000244140624 4.766124438807496e-06
16274.000244140625 4.6616686341257955e-06
16284.000244140624 4.347615554651554e-06
16294.000244140625 4.290253168378041e-06
16304.000244140624 4.378586549376579e-06
16314.000244140625 4.65282110689929e-06
16324.000244140624 4.685636570044308e-06
16334.000244140625 4.596681856260603e-06
16344.000244140624 4.778601535130006e-06
16354.000244140625 4.771681595267086e-06
16364.000244140624 4.829973102442802e-06
16374.000244140625 4.993194728453315e-06
16384.000244140624 5.207753588621567e-06
16394.000244140625 5.356395056723582e-06
16404.000244140624 5.661671221042837e-06
16414.000244140625 5.928648176956051e-06
16424.000244140624 6.0302335065959034e-06
16434.000244140625 6.161717261682732e-06
16444.000244140624 6.183940214369786e-06
16454.000244140625 6.231387722781332e-06
16464.000244140624 6.598532659492892e-06
16474.000244140625 7.035428181214692e-06
16484.000244140624 7.2117471048104976e-06
16494.000244140625 7.281463621199198e-06
16504.000244140624 7.738440990798604e-06
16514.000244140625 7.77652967875714e-06
16524.000244140624 7.710619190717024e-06
16534.000244140625 7.771164103879083e-06
16544.000244140624 8.30697890936521e-06
16554.000244140625 8.949794604396582e-06
16564.000244140624 9.096190633313543e-06
16574.000244140625 9.578257747410526e-06
16584.000244140624 1.0138851611211824e-05
16594.000244140625 1.0895958254277943e-05
16604.000244140624 1.1251128794684181e-05
16614.000244140625 1.1806385526244824e-05
16624.000244140624 1.2738452682933714e-05
16634.000244140625 1.3674626283743802e-05
16644.000244140624 1.4813799593415629e-05
16654.000244140625 1.5786841088218686e-05
16664.000244140624 1.67255670652527e-05
16674.000244140625 1.751710480984612e-05
16684.000244140624 1.8642973312740946e-05
16694.000244140625 2.018425067837529e-05
16704.000244140624 2.1880854086310154e-05
16714.000244140625 2.3601299025784223e-05
16724.000244140624 2.5840734122267892e-05
16734.000244140625 2.7450048276513815e-05
16744.000244140624 2.9535234222969725e-05
16754.000244140625 3.218742985824054e-05
16764.000244140624 3.4865839316415874e-05
16774.000244140626 3.7361459390782613e-05
16784.000244140624 4.011119963595888e-05
16794.000244140626 4.3291536168119386e-05
16804.000244140624 4.637362483339489e-05
16814.000244140626 4.99740973487492e-05
16824.000244140624 5.420040055313847e-05
16834.000244140626 5.859525830040356e-05
16844.000244140624 6.274486854745734e-05
16854.000244140626 6.789719885079704e-05
16864.000244140624 7.37699236245944e-05
16874.000244140626 7.975505565454435e-05
16884.000244140625 8.599719089194476e-05
16894.000244140626 9.340275563972768e-05
16904.000244140625 0.00010158149477133916
16914.000244140626 0.00011071162387990652
16924.000244140625 0.00012133847553651141
16934.000244140626 0.00013310855760100958
16944.000244140625 0.00014691502894190016
16954.000244140626 0.00016177347926973526
16964.000244140625 0.00017908719740551845
16974.000244140626 0.0001996727104301704
16984.000244140625 0.0002219622324478453
16994.000244140626 0.0002482477131916333
17004.000244140625 0.000278800501776159
17014.000244140626 0.00031252565693954104
17024.000244140625 0.0003520111521951307
17034.000244140626 0.0003976729319754282
17044.000244140625 0.00044970102350154364
17054.000244140626 0.0005083715211572461
17064.000244140625 0.0005752744051466132
17074.000244140626 0.0006522127094779823
17084.000244140625 0.0007382380615090498
17094.000244140626 0.0008362838706760536
17104.000244140625 0.0009494267818246772
17114.000244140626 0.0010743173229981339
17124.000244140625 0.0012143151661330371
17134.000244140626 0.0013755843113932827
17144.000244140625 0.001556174246695748
17154.000244140626 0.0017613008844542012
17164.000244140625 0.0020026850392855693
17174.000244140626 0.0022740289752224705
17184.000244140625 0.0025777745688416523
17194.000244140626 0.0029305108502947807
17204.000244140625 0.0033362659443795196
17214.000244140626 0.0038072101780878696
17224.000244140625 0.004363618109060493
17234.000244140626 0.0050147425724078026
17244.000244140625 0.005765848611063322
17254.000244140626 0.006649219515805647
17264.000244140625 0.007710385397783671
17274.000244140626 0.008970689197598806
17284.000244140625 0.010480133183352284
17294.000244140626 0.012312712157903962
17304.000244140625 0.014447309797639933
17314.000244140626 0.01693786370241407
17324.000244140625 0.01992793292919636
17334.000244140626 0.023269361107407904
17344.000244140625 0.0268251974277365
17354.000244140626 0.03040091079240818
17364.000244140625 0.03408243893843377
17374.000244140626 0.03776262784187212
17384.000244140625 0.041871157421210774
17394.000244140626 0.04618648424879521
17404.000244140625 0.05094886868617303
17414.000244140626 0.05649298447006614
17424.000244140625 0.06281980959505805
17434.000244140626 0.07005354673598152
17444.000244140625 0.07808930077322673
17454.000244140624 0.0875973532144381
17464.000244140625 0.0982998052406966
17474.000244140624 0.11099334054194207
17484.000244140625 0.12578785432984763
17494.000244140624 0.142366534961976
17504.000244140625 0.16064794554365322
17514.000244140624 0.1806033413796316
17524.000244140625 0.20113238520924354
17534.000244140624 0.22230098694435846
17544.000244140625 0.24361503413197527
17554.000244140624 0.264362011757897
17564.000244140625 0.2836021019947691
17574.000244140624 0.3016311984054418
17584.000244140625 0.31784254911417964
17594.000244140624 0.3323984891940652
17604.000244140625 0.34556305778567753
17614.000244140624 0.357811767309922
17624.000244140625 0.3691672057847597
17634.000244140624 0.3797838549015462
17644.000244140625 0.3898826837331044
17654.000244140624 0.39974262446406533
17664.000244140625 0.40939205917576804
17674.000244140624 0.41804008229797307
17684.000244140625 0.4258002707159243
17694.000244140624 0.4327136728901656
17704.000244140625 0.43909881975795234
17714.000244140624 0.4445489097686586
17724.000244140625 0.4494549210807235
17734.000244140624 0.45271142115412677
17744.000244140625 0.45514848492869475
17754.000244140624 0.4568168495278966
17764.000244140625 0.45789639688166595
17774.000244140624 0.45891675420035394
17784.000244140625 0.45902636205627423
17794.000244140624 0.4595047008052279
17804.000244140625 0.4597275166207026
17814.000244140624 0.4596683605248374
17824.000244140625 0.45962878305004273
17834.000244140624 0.45999213915975184
17844.000244140625 0.4602861846985852
17854.000244140624 0.46083543518917514
17864.000244140625 0.4610589150658282
17874.000244140624 0.46132259556554045
17884.000244140625 0.4621419873264545
17894.000244140624 0.4625202340145579
17904.000244140625 0.4629114888133746
17914.000244140624 0.4629961315916319
17924.000244140625 0.46283913946101674
17934.000244140624 0.46200338714011774
17944.000244140625 0.4612350527616632
17954.000244140624 0.46019929606995547
17964.000244140625 0.4592893640889699
17974.000244140624 0.4583053824252693
17984.000244140625 0.45697938729456705
17994.000244140624 0.4555403032541283
18004.000244140625 0.45383377401377756
18014.000244140624 0.452595553268162
18024.000244140626 0.45120689050861845
18034.000244140624 0.4499529027128232
18044.000244140626 0.4484869638108928
18054.000244140624 0.4475474841207141
18064.000244140626 0.44702944234058495
18074.000244140624 0.44724519256257556
18084.000244140626 0.4468657175388482
18094.000244140624 0.44631796442379834
18104.000244140626 0.44610016408859676
18114.000244140624 0.4460604684174845
18124.000244140626 0.44708081874371786
18134.000244140625 0.4478008346510142
18144.000244140626 0.44863147287746064
18154.000244140625 0.4492330890265592
18164.000244140626 0.45057120769352965
18174.000244140625 0.4515201641671962
18184.000244140626 0.4526616814976786
18194.000244140625 0.4536455737854151
18204.000244140626 0.45433341780874636
18214.000244140625 0.4556841704754359
18224.000244140626 0.4574558882596217
18234.000244140625 0.4581079473586539
18244.000244140626 0.45897362342473763
18254.000244140625 0.45998555993604295
18264.000244140626 0.46098724719486445
18274.000244140625 0.4619625067437527
18284.000244140626 0.46247931249513136
18294.000244140625 0.4630586405319601
18304.000244140626 0.46405821890452026
18314.000244140625 0.46476003853308734
18324.000244140626 0.46538937218482107
18334.000244140625 0.46593683254770785
18344.000244140626 0.4661540884464729
18354.000244140625 0.4660515708100157
18364.000244140626 0.46665514041662953
18374.000244140625 0.46699912035436997
18384.000244140626 0.4671084562843607
18394.000244140625 0.46703916116337924
18404.000244140626 0.46742750229240904
18414.000244140625 0.46703158313006465
18424.000244140626 0.4669075555842746
18434.000244140625 0.46690176304050557
18444.000244140626 0.4663805247384288
18454.000244140625 0.4660928627322225
18464.000244140626 0.46541461400039275
18474.000244140625 0.4646108161829683
18484.000244140626 0.46413986621917563
18494.000244140625 0.46381725726071593
18504.000244140626 0.46333721941653483
18514.000244140625 0.4624426643526443
18524.000244140626 0.4619019511685941
18534.000244140625 0.4613235127248908
18544.000244140626 0.460724489080379
18554.000244140625 0.4603085544467612
18564.000244140626 0.4597620552434908
18574.000244140625 0.45980504334900396
18584.000244140626 0.4594264515374835
18594.000244140625 0.458629660954036
18604.000244140626 0.45824959074076044
18614.000244140625 0.4575897350580667
18624.000244140626 0.4569381205369948
18634.000244140625 0.4566825197002258
18644.000244140626 0.45662294514679513
18654.000244140625 0.4564512647143363
18664.000244140626 0.4564404485214959
18674.000244140625 0.4563806420377934
18684.000244140626 0.4568074336224456
18694.000244140625 0.45715190421772867
18704.000244140624 0.4577342080758804
18714.000244140625 0.4585493103974081
18724.000244140624 0.45908372140949966
18734.000244140625 0.46022829919906866
18744.000244140624 0.4613043154883564
18754.000244140625 0.4618528853857388
18764.000244140624 0.46228449922330994
18774.000244140625 0.4624014544653501
18784.000244140624 0.46297625881714155
18794.000244140625 0.4634527457586721
18804.000244140624 0.46412429839756797
18814.000244140625 0.46495105588200475
18824.000244140624 0.4655765203243698
18834.000244140625 0.4666410952850946
18844.000244140624 0.46733344463160414
18854.000244140625 0.46763535327932726
18864.000244140624 0.4682732553744251
18874.000244140625 0.4689323289282249
18884.000244140624 0.4694125029285673
18894.000244140625 0.46970549798154226
18904.000244140624 0.46975894767322035
18914.000244140625 0.46992003028946494
18924.000244140624 0.4702578983057276
18934.000244140625 0.4704988122878554
18944.000244140624 0.47097867462278553
18954.000244140625 0.47157689555192694
18964.000244140624 0.4718492221487326
18974.000244140625 0.4720365688763864
18984.000244140624 0.4718939187324237
18994.000244140625 0.4723299904040963
19004.000244140624 0.4723595415587932
19014.000244140625 0.47245680447866745
19024.000244140624 0.47278034803678604
19034.000244140625 0.47367906975774443
19044.000244140624 0.4737223946884862
19054.000244140625 0.47399934725133935
19064.000244140624 0.474497679818815
19074.000244140625 0.47551509586828916
19084.000244140624 0.47612885848230285
19094.000244140625 0.47590941435036327
19104.000244140624 0.4758442732170791
19114.000244140625 0.4763519216257238
19124.000244140624 0.47729335361033887
19134.000244140625 0.47740539811885196
19144.000244140624 0.47745929346810345
19154.000244140625 0.4772606917175335
19164.000244140624 0.47687081148555754
19174.000244140625 0.4771346816141996
19184.000244140624 0.4769106560657147
19194.000244140625 0.4770020448542036
19204.000244140624 0.4764423262593755
19214.000244140625 0.47611809535683347
19224.000244140624 0.4760050588087365
19234.000244140625 0.4756163054723508
19244.000244140624 0.4754232063006991
19254.000244140625 0.4745435759038904
19264.000244140624 0.47424318373460583
19274.000244140626 0.47444347305706946
19284.000244140624 0.47448994093461105
19294.000244140626 0.47398973252477083
19304.000244140624 0.47364296869421607
19314.000244140626 0.4729190600311994
19324.000244140624 0.4726699223074301
19334.000244140626 0.4722151155513018
19344.000244140624 0.4716755471767924
19354.000244140626 0.47115839780412105
19364.000244140624 0.47086965380401224
19374.000244140626 0.47023179479636834
19384.000244140625 0.46995275388102387
19394.000244140626 0.4697211660875834
19404.000244140625 0.46998443029885617
19414.000244140626 0.4702916692786492
19424.000244140625 0.4705622115604079
19434.000244140626 0.47095608883989815
19444.000244140625 0.4712686549729682
19454.000244140626 0.47201051918409126
19464.000244140625 0.4725273075167555
19474.000244140626 0.4730248538387266
19484.000244140625 0.47341572361950657
19494.000244140626 0.4733323942164831
19504.000244140625 0.4736001300995376
19514.000244140626 0.4738854258422218
19524.000244140625 0.4742207865737429
19534.000244140626 0.47442083671963503
19544.000244140625 0.4744782853942333
19554.000244140626 0.47467168715588653
19564.000244140625 0.4746984293393767
19574.000244140626 0.4745918287696642
19584.000244140625 0.47364966654818397
19594.000244140626 0.47171707449484773
19604.000244140625 0.47104578318699797
19614.000244140626 0.47206938214194216
19624.000244140625 0.47433182762580883
19634.000244140626 0.47539551492311116
19644.000244140625 0.47616049686754436
19654.000244140626 0.47624921189697467
19664.000244140625 0.4761049214446067
19674.000244140626 0.4758862694335241
19684.000244140625 0.4764007831502123
19694.000244140626 0.47689587650475984
19704.000244140625 0.47627265215125425
19714.000244140626 0.4759770379411582
19724.000244140625 0.47611721356726405
19734.000244140626 0.47565535966311356
19744.000244140625 0.4751204822701296
19754.000244140626 0.4750848078081326
19764.000244140625 0.4752703977152739
19774.000244140626 0.4754241794381539
19784.000244140625 0.47538896139277365
19794.000244140626 0.4754011148559938
19804.000244140625 0.4759627673207059
19814.000244140626 0.4766779830609137
19824.000244140625 0.4765851842459318
19834.000244140626 0.4763617324837131
19844.000244140625 0.4767523898471026
19854.000244140626 0.4768407863788537
19864.000244140625 0.4768383527154344
19874.000244140626 0.47721085114681483
19884.000244140625 0.4776862042862303
19894.000244140626 0.4780816337495743
19904.000244140625 0.4781686519825538
19914.000244140626 0.478498041569841
19924.000244140625 0.4787120711546371
19934.000244140626 0.4791928670228641
19944.000244140625 0.4787495730590783
19954.000244140624 0.4779870656965577
19964.000244140625 0.4767174294227019
19974.000244140624 0.4767758913578523
19984.000244140625 0.4775134861751867
19994.000244140624 0.47820374118712083
20004.000244140623 0.4788400973339164
20014.000244140626 0.4790125210666334
20024.000244140625 0.4791736948003793
20034.000244140624 0.47979530336390563
20044.000244140623 0.47984388547752055
20054.000244140626 0.4793774370904847
20064.000244140625 0.478841436931586
20074.000244140624 0.47855393909062793
20084.000244140623 0.4781063680485528
20094.000244140626 0.47843979164701744
20104.000244140625 0.47857721815223875
20114.000244140624 0.47818846392545167
20124.000244140623 0.47818558520835114
20134.000244140626 0.47827439096368196
20144.000244140625 0.4785971579142506
20154.000244140624 0.479064791496984
20164.000244140623 0.47966356835403035
20174.000244140626 0.48007813763732365
20184.000244140625 0.4804897355007648
20194.000244140624 0.48012668750708076
20204.000244140623 0.48050091745631063
20214.000244140626 0.48013225390468073
20224.000244140625 0.4809317679867861
20234.000244140624 0.48211799154494317
20244.000244140623 0.4832407658367916
20254.000244140626 0.48433649778714916
20264.000244140625 0.48505697658695157
20274.000244140624 0.4852688789479297
20284.000244140623 0.48559251131633513
20294.000244140626 0.4861024271678756
20304.000244140625 0.48648109954480145
20314.000244140624 0.4865834921498081
20324.000244140623 0.4869150017229101
20334.000244140626 0.48723105032473785
20344.000244140625 0.4870808637299032
20354.000244140624 0.48688418789959625
20364.000244140623 0.4868020740301426
20374.000244140626 0.4871600404623365
20384.000244140625 0.48737281987105663
20394.000244140624 0.4878133388038828
20404.000244140623 0.48761917146275036
20414.000244140627 0.4865808970727094
20424.000244140625 0.48608722543484506
20434.000244140624 0.48493783189613004
20444.000244140623 0.4839094081790827
20454.000244140627 0.4831252189891324
20464.000244140625 0.48247648186597936
20474.000244140624 0.48195591977790153
20483.9990234375 0.4811107714217352
20493.9990234375 0.4806288956522924
20503.9990234375 0.48029624931329723
20513.9990234375 0.48024554231715544
20523.9990234375 0.480247005136066
20533.9990234375 0.47986684940395335
20543.9990234375 0.47965321074286726
20553.9990234375 0.4796786331963393
20563.9990234375 0.47949270340808875
20573.9990234375 0.47915349811254476
20583.9990234375 0.47903117793481553
20593.9990234375 0.4791800202230994
20603.9990234375 0.4799819518213815
20613.9990234375 0.48087951256941486
20623.9990234375 0.4812482580549563
20633.9990234375 0.48182559739901587
20643.9990234375 0.4826666729052477
20653.9990234375 0.4831412651540264
20663.9990234375 0.4838288359513101
20673.9990234375 0.48475347803088215
20683.9990234375 0.48585835686236245
20693.9990234375 0.48641593256811905
20703.9990234375 0.4872720169567984
20713.9990234375 0.48863963367830004
20723.9990234375 0.48954906800533143
20733.9990234375 0.49037167976176
20743.9990234375 0.4911385505747164
20753.9990234375 0.4917425880653883
20763.9990234375 0.491905877497153
20773.9990234375 0.49195724404873337
20783.9990234375 0.4917842611676497
20793.9990234375 0.4922280588524577
20803.9990234375 0.4926789150889014
20813.9990234375 0.4927664315014679
20823.9990234375 0.4929246754897464
20833.9990234375 0.49306458044357704
20843.9990234375 0.49360733734607
20853.9990234375 0.4935395519452954
20863.9990234375 0.4931299635404682
20873.9990234375 0.4923363603484828
20883.9990234375 0.4919091141134574
20893.9990234375 0.4912408531795387
20903.9990234375 0.4910824006151523
20913.9990234375 0.4901606270656625
20923.9990234375 0.4891267622961404
20933.9990234375 0.48911968379367865
20943.9990234375 0.48958836212904977
20953.9990234375 0.48957539189579263
20963.9990234375 0.4892145604465229
20973.9990234375 0.4882366891074975
20983.9990234375 0.48754702834188407
20993.9990234375 0.4871455379192129
21003.9990234375 0.48671990313500446
21013.9990234375 0.48652500686550826
21023.9990234375 0.4856890739253892
21033.9990234375 0.4853437498660358
21043.9990234375 0.48564518133126033
21053.9990234375 0.48574447145933597
21063.9990234375 0.48494545944874595
21073.9990234375 0.48423968679510604
21083.9990234375 0.4843357082128381
21093.9990234375 0.48361472451317933
21103.9990234375 0.48334224382475943
21113.9990234375 0.4826680238265828
21123.9990234375 0.4829298772539452
21133.9990234375 0.4822707902594351
21143.9990234375 0.4819471073329259
21153.9990234375 0.4812548700932129
21163.9990234375 0.48132888364449433
21173.9990234375 0.4816984987686185
21183.9990234375 0.481786281065077
21193.9990234375 0.48141436266537424
21203.9990234375 0.4809170621973815
21213.9990234375 0.4811818746964148
21223.9990234375 0.48131711420181883
21233.9990234375 0.4811071722153465
21243.9990234375 0.4808669506369192
21253.9990234375 0.48058817325059283
21263.9990234375 0.480826785416349
21273.9990234375 0.48106619438917936
21283.9990234375 0.48037533560379464
21293.9990234375 0.4804517175086406
21303.9990234375 0.4805165342398347
21313.9990234375 0.48066644248758683
21323.9990234375 0.4810002346605975
21333.9990234375 0.48128805209497283
21343.9990234375 0.48172163419552194
21353.9990234375 0.48183496144058524
21363.9990234375 0.48156178543386396
21373.9990234375 0.4821125243450371
21383.9990234375 0.48233916519033515
21393.9990234375 0.4833188269165364
21403.9990234375 0.4841800897971515
21413.9990234375 0.4843759542505023
21423.9990234375 0.48470546845426155
21433.9990234375 0.48503453392583906
21443.9990234375 0.48590825050286346
21453.9990234375 0.48687428265893096
21463.9990234375 0.4869260589214184
21473.9990234375 0.48674382485332557
21483.9990234375 0.4876207166946136
21493.9990234375 0.4886166354564123
21503.9990234375 0.48883022860168623
21513.9990234375 0.48838304060887944
21523.9990234375 0.48836241853787427
21533.9990234375 0.4883266144460982
21543.9990234375 0.4880172434323932
21553.9990234375 0.4872809570735942
21563.9990234375 0.48714705567248856
21573.9990234375 0.48724315341331537
21583.9990234375 0.48673962238722923
21593.9990234375 0.4861360263339341
21603.9990234375 0.4852756677210117
21613.9990234375 0.4848001588697795
21623.9990234375 0.48350433042261143
21633.9990234375 0.4828564521355436
21643.9990234375 0.48245335215404583
21653.9990234375 0.4816890445042479
21663.9990234375 0.4809553105990436
21673.9990234375 0.4799148789692882
21683.9990234375 0.47920129881614015
21693.9990234375 0.47825364269157455
21703.9990234375 0.47747447058009557
21713.9990234375 0.476525911619691
21723.9990234375 0.47624857253299613
21733.9990234375 0.47567626110209693
21743.9990234375 0.4755053918040272
21753.9990234375 0.47482583557867664
21763.9990234375 0.47480488992509867
21773.9990234375 0.47500618730419936
21783.9990234375 0.4754185513946054
21793.9990234375 0.47486179351097874
21803.9990234375 0.47446111920839296
21813.9990234375 0.4740197630220911
21823.9990234375 0.47403316094631526
21833.9990234375 0.47478641941393684
21843.9990234375 0.47518713081624286
21853.9990234375 0.4761720030864315
21863.9990234375 0.4766179862837101
21873.9990234375 0.47643324192381264
21883.9990234375 0.4767219802235201
21893.9990234375 0.477235393609721
21903.9990234375 0.4776691132411693
21913.9990234375 0.47833303380943126
21923.9990234375 0.4788195702645826
21933.9990234375 0.4792964976520326
21943.9990234375 0.48006945891669106
21953.9990234375 0.4807678410701135
21963.9990234375 0.481505167044066
21973.9990234375 0.48271725091895046
21983.9990234375 0.4837945036640974
21993.9990234375 0.4844285028499905
22003.9990234375 0.4848877913606973
22013.9990234375 0.4851542823042707
22023.9990234375 0.48600881094048665
22033.9990234375 0.48622263923840137
22043.9990234375 0.4863104629941323
22053.9990234375 0.48583818592968064
22063.9990234375 0.4849271860495099
22073.9990234375 0.4839348254618584
22083.9990234375 0.48238080347099055
22093.9990234375 0.480183793826472
22103.9990234375 0.4771946807037813
22113.9990234375 0.47265683094795075
22123.9990234375 0.467476398581988
22133.9990234375 0.46053117556957424
22143.9990234375 0.4518434752277565
22153.9990234375 0.4419251278124083
22163.9990234375 0.43016590509693786
22173.9990234375 0.4163907488782293
22183.9990234375 0.40127475773641363
22193.9990234375 0.38463627639061876
22203.9990234375 0.3666080080774734
22213.9990234375 0.3472865704703012
22223.9990234375 0.32717266559394
22233.9990234375 0.30630872470165393
22243.9990234375 0.2849966678353572
22253.9990234375 0.26392554502305043
22263.9990234375 0.24354513475045825
22273.9990234375 0.2243147100020138
22283.9990234375 0.20606341083787266
22293.9990234375 0.1890466489632855
22303.9990234375 0.1734595812638437
22313.9990234375 0.15915442891164336
22323.9990234375 0.1457331934654504
22333.9990234375 0.13308403609727584
22343.9990234375 0.12109760600160771
22353.9990234375 0.10957511725029367
22363.9990234375 0.098933427226534
22373.9990234375 0.08894406068395755
22383.9990234375 0.0794733403674373
22393.9990234375 0.07082496362882895
22403.9990234375 0.06287948032384981
22413.9990234375 0.05550559051592803
22423.9990234375 0.04890843047473342
22433.9990234375 0.04308480917253443
22443.9990234375 0.03778429980502135
22453.9990234375 0.03304208334102206
22463.9990234375 0.02885323328314559
22473.9990234375 0.025142630642164723
22483.9990234375 0.021883809427119847
22493.9990234375 0.019097369292062648
22503.9990234375 0.016683093418288088
22513.9990234375 0.014547314888154585
22523.9990234375 0.01268771008115763
22533.9990234375 0.011064464299238512
22543.9990234375 0.009630967263505373
22553.9990234375 0.008404255093585248
22563.9990234375 0.00734538633140958
22573.9990234375 0.006422761912323238
22583.9990234375 0.005613793771089597
22593.9990234375 0.004909829313874478
22603.9990234375 0.004282983694044222
22613.9990234375 0.003749287504853798
22623.9990234375 0.003293532464627552
22633.9990234375 0.00289601770494214
22643.9990234375 0.002547444679587464
22653.9990234375 0.0022465128966202546
22663.9990234375 0.001979067251872599
22673.9990234375 0.0017494724292589849
22683.9990234375 0.0015511245631661618
22693.9990234375 0.0013788515945700082
22703.9990234375 0.0012296537747442673
22713.9990234375 0.001100743459659296
22723.9990234375 0.0009837906291249655
22733.9990234375 0.000883069919208579
22743.9990234375 0.000794371005746933
22753.9990234375 0.0007180392315209046
22763.9990234375 0.0006474223160735736
22773.9990234375 0.0005885502865954264
22783.9990234375 0.0005355062676764765
22793.9990234375 0.00048606885348017296
22803.9990234375 0.00044255979168733584
22813.9990234375 0.0004058259782991269
22823.9990234375 0.0003721587880542185
22833.9990234375 0.0003420397039594651
22843.9990234375 0.0003134939656650187
22853.9990234375 0.0002896340735342207
22863.9990234375 0.00026557170626243887
22873.9990234375 0.0002446689197435966
22883.9990234375 0.00022644833242935582
22893.9990234375 0.00020934607071616124
22903.9990234375 0.00019251113226402376
22913.9990234375 0.00017772591219304386
22923.9990234375 0.00016493394779719238
22933.9990234375 0.00015161403416909025
22943.9990234375 0.00014115485737878407
22953.9990234375 0.0001312508409999894
22963.9990234375 0.00012214732248106645
22973.9990234375 0.00011373504667022723
22983.9990234375 0.00010643869258037365
22993.9990234375 9.869223496171371e-05
23003.9990234375 9.183491983546173e-05
23013.9990234375 8.564423022601074e-05
23023.9990234375 8.013909854689624e-05
23033.9990234375 7.382281675668905e-05
23043.9990234375 6.857109442532833e-05
23053.9990234375 6.428826941393663e-05
23063.9990234375 6.027691539043071e-05
23073.9990234375 5.629721255117578e-05
23083.9990234375 5.2733195046246215e-05
23093.9990234375 4.9246481951153684e-05
23103.9990234375 4.668457640504941e-05
23113.9990234375 4.424793996273441e-05
23123.9990234375 4.017485982865977e-05
23133.9990234375 3.695733213249583e-05
23143.9990234375 3.4633744698955725e-05
23153.9990234375 3.281383053021727e-05
23163.9990234375 3.08249356647811e-05
23173.9990234375 2.8980337481883517e-05
23183.9990234375 2.652293204938391e-05
23193.9990234375 2.486082781534331e-05
23203.9990234375 2.3443670496576625e-05
23213.9990234375 2.240610688259745e-05
23223.9990234375 2.13554969562198e-05
23233.9990234375 1.974898960195026e-05
23243.9990234375 1.7799700691082186e-05
23253.9990234375 1.655013628378121e-05
23263.9990234375 1.524834581680329e-05
23273.9990234375 1.4195356233183286e-05
23283.9990234375 1.2905615952331977e-05
23293.9990234375 1.2422802514529452e-05
23303.9990234375 1.1464055544682857e-05
23313.9990234375 1.0554829299705502e-05
23323.9990234375 9.621943372931447e-06
23333.9990234375 8.80655606822248e-06
23343.9990234375 8.169944329864889e-06
23353.9990234375 7.642434985064653e-06
23363.9990234375 7.167405365955591e-06
23373.9990234375 6.768402738054491e-06
23383.9990234375 6.310564399922556e-06
23393.9990234375 5.700028790237745e-06
23403.9990234375 5.266312533240968e-06
23413.9990234375 5.027855627981618e-06
23423.9990234375 5.010370246695316e-06
23433.9990234375 4.83319984008342e-06
23443.9990234375 4.629759767454816e-06
23453.9990234375 4.4999400141250386e-06
23463.9990234375 4.481762768689201e-06
23473.9990234375 4.183443336354597e-06
23483.9990234375 3.970740041171927e-06
23493.9990234375 4.138741387062853e-06
23503.9990234375 4.1556285450939726e-06
23513.9990234375 3.966972292723774e-06
23523.9990234375 3.784550904932551e-06
23533.9990234375 3.5657124868633233e-06
23543.9990234375 3.4133820106833057e-06
23553.9990234375 3.2852090762585668e-06
23563.9990234375 3.278749354151564e-06
23573.9990234375 3.1547020982472238e-06
23583.9990234375 2.943744846897132e-06
23593.9990234375 2.879075801770411e-06
23603.9990234375 2.705084931627711e-06
23613.9990234375 2.538295812294284e-06
23623.9990234375 2.345701666848478e-06
23633.9990234375 2.2187246953555424e-06
23643.9990234375 2.1759212820850706e-06
23653.9990234375 1.9129613953244127e-06
23663.9990234375 1.6814014597525257e-06
23673.9990234375 1.578562568248711e-06
23683.9990234375 1.287196945321269e-06
23693.9990234375 1.0460125848385045e-06
23703.9990234375 8.763306249672684e-07
23713.9990234375 7.698570630064755e-07
23723.9990234375 6.883416236921422e-07
23733.9990234375 5.802741521229361e-07
23743.9990234375 5.082265353289207e-07
23753.9990234375 4.967651438278061e-07
23763.9990234375 4.459087596523237e-07
23773.9990234375 4.1020868415566275e-07
23783.9990234375 3.8826715629572676e-07
23793.9990234375 4.0149867482627116e-07
23803.9990234375 3.547673403436712e-07
23813.9990234375 3.142998675571135e-07
23823.9990234375 2.675523376593504e-07
23833.9990234375 2.4579861013489733e-07
23843.9990234375 2.2593967528069887e-07
23853.9990234375 2.2832971162130332e-07
23863.9990234375 2.1652518295637525e-07
23873.9990234375 2.0504279877931867e-07
23883.9990234375 1.8604301780671966e-07
23893.9990234375 1.7044982180127271e-07
23903.9990234375 1.5329333733392021e-07
23913.9990234375 1.400683736926539e-07
23923.9990234375 1.3211293080634093e-07
23933.9990234375 1.2373093781168152e-07
23943.9990234375 1.2332833019887413e-07
23953.9990234375 1.1054925127446703e-07
23963.9990234375 9.781322607284723e-08
23973.9990234375 8.387238660009724e-08
23983.9990234375 7.59089316473063e-08
23993.9990234375 6.955876305319525e-08
24003.9990234375 6.166960344135168e-08
24013.9990234375 5.784944471966536e-08
24023.9990234375 5.5008669225498193e-08
24033.9990234375 4.6959246369685944e-08
24043.9990234375 3.975346016722969e-08
24053.9990234375 3.330516981015499e-08
24063.9990234375 2.9998698907546065e-08
24073.9990234375 2.8006774792636063e-08
24083.9990234375 2.449626050692966e-08
24093.9990234375 2.172293792594086e-08
24103.9990234375 2.1676711190849222e-08
24113.9990234375 1.759188168331422e-08
24123.9990234375 1.3818105824561594e-08
24133.9990234375 1.2094734043557769e-08
24143.9990234375 1.0384537434836506e-08
24153.9990234375 9.616508427559039e-09
24163.9990234375 8.482425991966577e-09
24173.9990234375 6.7738453220811765e-09
24183.9990234375 6.1147210136039936e-09
24193.9990234375 5.661208703854783e-09
24203.9990234375 5.029487725232764e-09
24213.9990234375 4.325906433470884e-09
24223.9990234375 4.0510602179776055e-09
24233.9990234375 3.856116597654334e-09
24243.9990234375 3.3229691396788774e-09
24253.9990234375 2.774556696677021e-09
24263.9990234375 2.6605711399532128e-09
24273.9990234375 2.3023114818449842e-09
24283.9990234375 1.9516292657352843e-09
24293.9990234375 1.7588013947752905e-09
24303.9990234375 1.569620522074261e-09
24313.9990234375 1.5823079539526547e-09
24323.9990234375 1.4464891376108223e-09
24333.9990234375 1.3372489054379426e-09
24343.9990234375 1.2115478532265908e-09
24353.9990234375 1.1404395155850448e-09
24363.9990234375 9.739657186028806e-10
24373.9990234375 8.026569810229725e-10
24383.9990234375 7.434918604200155e-10
24393.9990234375 6.788671127744696e-10
24403.9990234375 6.357692099101011e-10
24413.9990234375 5.664515376530174e-10
24423.9990234375 4.898306478964724e-10
24433.9990234375 4.3787237746249827e-10
24443.9990234375 3.94709359997239e-10
24453.9990234375 3.58391055054219e-10
24463.9990234375 3.1497631592199506e-10
24473.9990234375 2.7813530241020365e-10
24483.9990234375 2.5724887259300923e-10
24493.9990234375 2.289794633904121e-10
24503.9990234375 2.1603666891744817e-10
24513.9990234375 1.9756099512768228e-10
24523.9990234375 1.5175527304159264e-10
24533.9990234375 1.6422909115295723e-10
24543.9990234375 1.6554381762846384e-10
24553.9990234375 1.345714481246612e-10
24563.9990234375 1.2219388957874083e-10
24573.9990234375 1.1821333378940253e-10
24583.9990234375 1.028544345888857e-10
24593.9990234375 8.425613100485535e-11
24603.9990234375 7.970804807816466e-11
24613.9990234375 7.711200130303947e-11
24623.9990234375 7.004215347387953e-11
24633.9990234375 6.932023026005622e-11
24643.9990234375 5.570542963351813e-11
24653.9990234375 4.866040566685953e-11
24663.9990234375 4.4546610145980626e-11
24673.9990234375 4.12577521954219e-11
24683.9990234375 3.669040719756136e-11
24693.9990234375 3.4032966362587504e-11
24703.9990234375 2.8546467709132676e-11
24713.9990234375 2.677765558229084e-11
24723.9990234375 2.560672624112716e-11
24733.9990234375 2.4299326413044136e-11
24743.9990234375 2.0287139012136592e-11
24753.9990234375 1.806044315725741e-11
24763.9990234375 1.5987286065247695e-11
24773.9990234375 1.4003615545822232e-11
24783.9990234375 1.2270030436780326e-11
24793.9990234375 1.1342827761890394e-11
24803.9990234375 1.0794581114041632e-11
24813.9990234375 9.90719642075731e-12
24823.9990234375 8.710396416160343e-12
24833.9990234375 7.0646013257210555e-12
24843.9990234375 6.257692331539825e-12
24853.9990234375 5.514449425289726e-12
24863.9990234375 4.994698617478094e-12
24873.9990234375 4.96689889190417e-12
24883.9990234375 4.5764375879884656e-12
24893.9990234375 4.413064217870653e-12
24903.9990234375 4.23911157601527e-12
24913.9990234375 3.722326339920675e-12
24923.9990234375 3.4719492101006204e-12
24933.9990234375 3.143881908212191e-12
24943.9990234375 2.7358588795096164e-12
24953.9990234375 2.4685827130504244e-12
24963.9990234375 2.1376106277217374e-12
24973.9990234375 2.108168502012615e-12
24983.9990234375 1.8788735174000035e-12
24993.9990234375 1.7628500594046214e-12
25003.9990234375 1.490583087979645e-12
25013.9990234375 1.2528032160056943e-12
25023.9990234375 1.3168127821914252e-12
25033.9990234375 1.256568105965718e-12
25043.9990234375 1.1026112579812666e-12
25053.9990234375 1.0460104155988804e-12
25063.9990234375 1.005373136064245e-12
25073.9990234375 8.643338390458004e-13
25083.9990234375 7.93261743608687e-13
25093.9990234375 7.737724440678747e-13
25103.9990234375 7.535137884972923e-13
25113.9990234375 7.278545457741982e-13
25123.9990234375 6.474509504026267e-13
25133.9990234375 5.298247378008226e-13
25143.9990234375 5.006754904507429e-13
25153.9990234375 4.877967814036378e-13
25163.9990234375 4.490621390723393e-13
25173.9990234375 4.255820684988528e-13
25183.9990234375 3.578999267749566e-13
25193.9990234375 3.2774340476436304e-13
25203.9990234375 3.24932632992799e-13
25213.9990234375 3.121328555091019e-13
25223.9990234375 2.6310628743506254e-13
25233.9990234375 2.3435230876335247e-13
25243.9990234375 2.545721645066069e-13
25253.9990234375 2.348001590546724e-13
25263.9990234375 2.085062215869563e-13
25273.9990234375 1.8611750762015904e-13
25283.9990234375 1.9204366915322905e-13
25293.9990234375 1.751873184260662e-13
25303.9990234375 1.5016825278454834e-13
25313.9990234375 1.4041547733301767e-13
25323.9990234375 1.3951871307506981e-13
25333.9990234375 1.3082921412987646e-13
25343.9990234375 1.1956336599640545e-13
25353.9990234375 1.0398859595321301e-13
25363.9990234375 1.0118049824550171e-13
25373.9990234375 9.396853274037523e-14
25383.9990234375 8.616774375405674e-14
25393.9990234375 8.531853674017347e-14
25403.9990234375 7.817864896511094e-14
25413.9990234375 6.683857326034099e-14
25423.9990234375 6.16665990975127e-14
25433.9990234375 5.773771881290815e-14
25443.9990234375 5.479164312269067e-14
25453.9990234375 5.226052261539942e-14
25463.9990234375 5.331648246095106e-14
25473.9990234375 4.485559471827834e-14
25483.9990234375 3.838806749668125e-14
25493.9990234375 3.550088037746358e-14
25503.9990234375 3.1777666251334e-14
25513.9990234375 3.025249311829622e-14
25523.9990234375 2.9336827644190664e-14
25533.9990234375 2.799653053468165e-14
25543.9990234375 2.5552769153439264e-14
25553.9990234375 2.1216073127953283e-14
25563.9990234375 1.9982950886004487e-14
25573.9990234375 2.0987179628058473e-14
25583.9990234375 1.8108115367723573e-14
25593.9990234375 1.5781749837591876e-14
25603.9990234375 1.5345567825288014e-14
25613.9990234375 1.432533456443659e-14
25623.9990234375 1.1785492348041762e-14
25633.9990234375 1.105078677553751e-14
25643.9990234375 1.0747934148295711e-14
25653.9990234375 1.004602979990842e-14
25663.9990234375 9.64134238926055e-15
25673.9990234375 7.672339712064333e-15
25683.9990234375 6.630509315489685e-15
25693.9990234375 6.3909216727223675e-15
25703.9990234375 6.217325035244866e-15
25713.9990234375 5.345912151246826e-15
25723.9990234375 4.449964283361123e-15
25733.9990234375 4.4681255591336385e-15
25743.9990234375 4.432962954187003e-15
25753.9990234375 3.85523514302202e-15
25763.9990234375 3.477343549735558e-15
25773.9990234375 3.4352515183428684e-15
25783.9990234375 2.723421642027703e-15
25793.9990234375 2.3174888566048384e-15
25803.9990234375 2.096415090508063e-15
25813.9990234375 2.00812693348456e-15
25823.9990234375 1.888588339927136e-15
25833.9990234375 1.7595824512266133e-15
25843.9990234375 1.5972622828860526e-15
25853.9990234375 1.3813567887546843e-15
25863.9990234375 1.3084788872203586e-15
25873.9990234375 1.0939642046250873e-15
25883.9990234375 9.133730545406715e-16
25893.9990234375 8.573623766712262e-16
25903.9990234375 8.870087582071563e-16
25913.9990234375 7.821230626395807e-16
25923.9990234375 5.898868826405287e-16
25933.9990234375 5.5496671070463e-16
25943.9990234375 5.413281721915458e-16
25953.9990234375 5.125802599238493e-16
25963.9990234375 5.011770815687159e-16
25973.9990234375 4.860883124914253e-16
