20004.663860000003 4.069912520896999e-12
20020.74478 4.140071061700245e-12
20036.8257 3.9742965081376935e-12
20052.90662 3.5799603101893826e-12
20068.98754 3.266836624094577e-12
20085.06846 2.971153285387233e-12
20101.14938 2.616111780388789e-12
20117.2303 2.2907692783613534e-12
20133.31122 2.0921583796164923e-12
20149.39214 2.0288055902380466e-12
20165.47306 2.0403768938138143e-12
20181.55398 2.0887089640370903e-12
20197.6349 2.0509277583826677e-12
20213.71582 2.0528372209956905e-12
20229.79674 2.131449060908144e-12
20245.877660000002 2.1228930304724805e-12
20261.95858 2.031701181899639e-12
20278.03949 1.916964313512468e-12
20294.12041 1.903539730995302e-12
20310.20133 1.8962584115507906e-12
20326.28225 1.856678535547357e-12
20342.36317 1.824504024843112e-12
20358.44409 1.885343014669233e-12
20374.52501 1.955143623550605e-12
20390.60593 2.0205114178850204e-12
20406.68685 2.0834425537016673e-12
20422.76777 2.055795679809992e-12
20438.848689999998 2.0391169346603885e-12
20454.92961 2.0780255896071167e-12
20471.01053 2.0771717678266113e-12
20487.091449999997 1.9934631333192592e-12
20503.172370000002 1.9583005792079633e-12
20519.253290000004 2.0303552673515443e-12
20535.33421 2.1196909833276364e-12
20551.41513 2.0929349160199767e-12
20567.49605 2.1174148074003385e-12
20583.57697 2.3029115280607827e-12
20599.65788 2.5919215794559394e-12
20615.7388 2.851702905263991e-12
20631.819719999998 3.1105536172406702e-12
20647.90064 3.383889494477094e-12
20663.98156 3.767204544677261e-12
20680.06248 4.305078941715732e-12
20696.1434 4.816284820853419e-12
20712.22432 5.079802517659642e-12
20728.30524 5.348023648385612e-12
20744.38616 5.875605479046894e-12
20760.46708 6.434765014227035e-12
20776.548 6.434150872065283e-12
20792.62892 6.2264081231665066e-12
20808.70984 6.0916526897781464e-12
20824.790760000003 6.24827215526111e-12
20840.87168 6.057380637942791e-12
20856.9526 5.6516514365868274e-12
20873.033519999997 5.0536694807793735e-12
20889.11444 5.2405802085821055e-12
20905.19536 6.143581151667344e-12
20921.27627 7.2016379407353425e-12
20937.357189999997 7.494481956635446e-12
20953.438110000002 6.661167636436762e-12
20969.519030000003 6.988596400333878e-12
20985.59995 8.04347557093066e-12
21001.68087 8.375026309341182e-12
21017.76179 5.7664807624651125e-12
21033.84271 3.5133412289941356e-12
21049.92363 1.5993272510298393e-12
21066.004549999997 1.513545046725776e-12
21082.085470000003 1.6608671915983023e-12
21098.16639 1.699690800878109e-12
21114.24731 9.664355755799703e-13
21130.32823 2.4264356897688076e-12
21146.40915 2.708453811125522e-12
21162.49007 2.849134601430158e-12
21178.570989999996 2.875248891996337e-12
21194.651909999997 3.3823505369340553e-12
21210.732830000003 5.04152586078439e-12
21226.81375 7.530877594968504e-12
21242.89466 8.328831976985913e-12
21258.97558 6.298126413355314e-12
21275.056500000002 6.044443622471308e-12
21291.13742 6.235016266264876e-12
21307.21834 7.196877847476318e-12
21323.299259999997 6.410905868906966e-12
21339.38018 4.87058478021415e-12
21355.461100000004 2.706601691412587e-12
21371.54202 1.7496892266867351e-12
21387.62294 1.60379569209123e-12
21403.70386 1.5308835302979218e-12
21419.78478 1.186310173203372e-12
21435.8657 1.6946395854942683e-13
21451.946619999998 1.1769481553737977e-13
21468.02754 1.1674887202900507e-13
21484.108460000004 1.1644008654413823e-13
21500.18938 1.1641130713806793e-13
21516.2703 1.1670514707980535e-13
21532.35122 1.173236440487439e-13
21548.43214 1.180311502877435e-13
21564.51305 1.1922732108489818e-13
21580.59397 1.2037113931120227e-13
21596.67489 1.2212010319041618e-13
21612.75581 1.2427047770375624e-13
21628.836729999996 1.2624720230536364e-13
21644.91765 1.287729507580777e-13
21660.998570000003 1.3161716608249538e-13
21677.07949 1.3479240951604333e-13
21693.16041 1.3830081290062168e-13
21709.24133 1.4184269321818074e-13
21725.32225 1.4626403424996977e-13
21741.40317 1.5095654848623375e-13
21757.484089999997 1.5613866999317268e-13
21773.56501 1.6269774179135754e-13
21789.645930000003 2.309105351638115e-13
21805.72685 1.2572268976423875e-12
21821.80777 1.5230221347241989e-12
21837.88869 1.6057835768404689e-12
21853.96961 1.6983036804093822e-12
21870.05053 1.9623557573924155e-12
21886.131449999997 2.9298258018837757e-12
21902.212359999997 3.1686753887026115e-12
21918.29328 3.270966989426825e-12
21934.374200000004 2.012374382742199e-12
21950.45512 3.654054112134926e-12
21966.53604 1.1908684666069674e-11
21982.61696 2.2668227275829804e-11
21998.69788 3.636996791956557e-11
22014.7788 5.308626130916516e-11
22030.85972 7.631776864596002e-11
22046.94064 1.0732162888351424e-10
22063.02156 1.4851653126526112e-10
22079.10248 1.9219840087797312e-10
22095.183400000002 2.2538500852623325e-10
22111.26432 2.5848945160138923e-10
22127.34524 3.032952879969076e-10
22143.426159999997 3.6695799265362956e-10
22159.50708 4.308773086552347e-10
22175.588 6.962761054208328e-10
22191.66892 1.0493117804997429e-09
22207.74984 1.3877068077853906e-09
22217.86975 1.7091112998513636e-09
22229.87941 2.147186984967031e-09
22241.889070000003 2.7048242254361457e-09
22253.89873 3.31213694270479e-09
22265.90839 3.994408478978203e-09
22277.91805 4.164727422964875e-09
22289.92771 4.4261236738662865e-09
22301.93737 4.8213678524019e-09
22313.94703 5.274233543854657e-09
22325.956689999997 5.862937515588412e-09
22337.96635 6.413881411142009e-09
22349.97601 6.7973736362629524e-09
22361.985669999997 7.437169061325303e-09
22373.995329999996 8.009032506700632e-09
22386.00498 8.52679921363156e-09
22398.01464 9.438170445155725e-09
22410.0243 1.035871024510372e-08
22422.03396 1.1191856086867163e-08
22434.04362 1.1854712137173776e-08
22446.05328 1.3180783302614024e-08
22458.06294 1.4442441260146276e-08
22470.072599999997 1.6314313290246004e-08
22482.08226 1.8745847654022268e-08
22494.09192 2.1471589597839335e-08
22506.101579999997 2.391765658273403e-08
22518.11124 2.8117879598852458e-08
22530.120900000004 3.4286147810763834e-08
22542.13056 4.02909064598518e-08
22554.14021 4.668516884714965e-08
22566.14987 5.450111308035436e-08
22578.159529999997 6.274458206509439e-08
22590.16919 7.056751450747176e-08
22602.17885 8.307257865941717e-08
22614.188509999997 9.508621642069358e-08
22626.198169999996 1.0812723328910489e-07
22638.207830000003 1.2239768703386227e-07
22650.21749 1.3792081456793405e-07
22662.22715 1.495848508384668e-07
22674.236810000004 1.626486070696275e-07
22686.24647 1.7707950241544522e-07
22698.25613 1.9214332390888283e-07
22710.26579 1.9895816422245524e-07
22722.275450000002 2.043788018825881e-07
22734.2851 2.1195746511048525e-07
22746.29476 2.189199024528347e-07
22758.304419999997 2.3442068349741639e-07
22770.31408 2.4836923233075246e-07
22782.323740000003 2.570519563013847e-07
22794.3334 2.5869263966036625e-07
22806.34306 2.7557529599287764e-07
22818.35272 2.933487993036169e-07
22830.36238 3.0959889039420735e-07
22842.37204 3.2961304383037157e-07
22854.3817 3.523564429227796e-07
22866.39136 3.7678816297053313e-07
22878.40102 4.1258218496395313e-07
22890.41068 4.612633049340408e-07
22902.42034 5.106322513558385e-07
22914.42999 5.717658928112111e-07
22926.439650000003 6.389906910364866e-07
22938.44931 7.249304813451592e-07
22950.45897 8.127794345721142e-07
22962.46863 9.137029760387402e-07
22974.47829 1.0333133534130376e-06
22986.48795 1.1788061374476194e-06
22998.49761 1.3365670924667038e-06
23010.50727 1.514197531094137e-06
23022.51693 1.7351445453607698e-06
23034.52659 1.9811088270100927e-06
23046.53625 2.2624628767112014e-06
23058.545909999997 2.591743476236964e-06
23070.55557 2.959182330393958e-06
23082.56523 3.3628044797356677e-06
23094.57488 3.8809842321133755e-06
23106.58454 4.477940083190872e-06
23118.594199999998 5.1681145617895706e-06
23130.60386 5.959020115526738e-06
23142.61352 6.919271242920917e-06
23154.62318 8.099075874156806e-06
23166.63284 9.547292990325449e-06
23178.6425 1.1203988092208085e-05
23190.65216 1.3012486307303117e-05
23202.661819999997 1.5165782172229656e-05
23214.67148 1.7777692246151907e-05
23226.68114 2.078257040629528e-05
23238.6908 2.4114505590981624e-05
23250.70046 2.7696173783768267e-05
23262.710120000003 3.1572204378220194e-05
23274.71977 3.616719386238562e-05
23286.72943 4.1399930300493664e-05
23298.73909 4.725796276242829e-05
23310.748749999997 5.3473414738264214e-05
23322.75841 6.056981732167729e-05
23334.76807 6.890988792926064e-05
23346.777729999997 7.864562152157524e-05
23358.787390000004 8.966971767201617e-05
23370.797050000003 0.00010213051799622655
23382.80671 0.00011698214953899868
23394.81637 0.00013363813909303502
23406.826030000003 0.00015279861305306176
23418.83569 0.0001742440402416799
23430.84535 0.0001987114345915513
23442.85501 0.00022674616147525334
23454.864659999997 0.00025965852331060423
23466.87432 0.00029813390621712663
23478.883980000003 0.00034279573653705163
23490.89364 0.00039695006343496504
23502.9033 0.0004621592230721776
23514.912960000003 0.0005418080245195977
23526.92262 0.0006382131428607567
23538.93228 0.0007563207474181473
23550.94194 0.0009000225700436925
23562.9516 0.0010756172299376922
23574.96126 0.0012885582255775282
23586.97092 0.0015426942560641328
23598.98058 0.0018467408365398887
23610.99024 0.002205502346502226
23622.999890000003 0.002618808095582346
23635.00955 0.0030921501160290485
23647.01921 0.0036238833335063515
23659.028870000003 0.004209531226534808
23671.03853 0.004846331333266465
23683.04819 0.005528862105560293
23695.05785 0.006253436048792034
23707.06751 0.007006092025478619
23719.07717 0.007788618167306609
23731.08683 0.00859829195650675
23743.096489999997 0.009427446011337047
23755.10615 0.010237098560369315
23767.11581 0.011112790449180397
23779.125469999998 0.012064881024271192
23791.135129999996 0.013110294042554684
23803.14478 0.014278766101685417
23815.15444 0.015598959951211924
23827.1641 0.0170857889425682
23839.17376 0.018787045312354967
23851.18342 0.020737155884946512
23863.19308 0.02299773554567374
23875.20274 0.02564595844709307
23887.212399999997 0.02873993763259783
23899.22206 0.03234269144877269
23911.23172 0.03656102960988832
23923.241379999998 0.041485769970198455
23935.251039999996 0.047209420998353464
23947.260700000004 0.053859998061261606
23959.270360000002 0.06143641772324488
23971.28002 0.06996816427790646
23983.28967 0.07944195034176749
23995.299329999997 0.08975620694204964
24007.30899 0.10073011071470872
24019.31865 0.11212178090277998
24031.328309999997 0.12364359417585964
24043.337969999996 0.13497959064879153
24055.34763 0.14582287890224768
24067.35729 0.15591111337395855
24079.36695 0.16505961625355656
24091.376610000004 0.17318405736093712
24103.386270000002 0.18030229515270277
24115.39593 0.18653099804901577
24127.40559 0.19205300467897934
24139.415250000003 0.19711255154505194
24151.42491 0.2019760406712206
24163.43456 0.20690197061185125
24175.444219999997 0.21211278715745513
24187.453879999996 0.2177715518546436
24199.463540000004 0.22396727059643756
24211.4732 0.2307703742445161
24223.48286 0.23823634448198217
24235.49252 0.24578324079015998
24247.502180000002 0.25343041662441446
24259.51184 0.2609443306832029
24271.5215 0.268096722607469
24283.531160000003 0.2746938408464489
24295.54082 0.2805995843616104
24307.55048 0.2857705615285949
24319.56014 0.2902067691217952
24331.5698 0.29396990722878164
24343.579450000004 0.2971823202849505
24355.58911 0.29999665905557826
24367.59877 0.30256816767294575
24379.60843 0.30504378185224096
24391.618090000002 0.3075520614779246
24403.62775 0.3101954640934998
24415.63741 0.31305185755296344
24427.64707 0.31617204115019726
24439.65673 0.3195909682078685
24451.66639 0.32332208291333053
24463.67605 0.32736006044689203
24475.685709999997 0.3314655954036263
24487.69537 0.3358643464554236
24499.70503 0.3404217229574048
24511.714689999997 0.3450595137334277
24523.72434 0.34976474886851067
24535.734000000002 0.3544631117639271
24547.74366 0.3590767101295589
24559.75332 0.36353542709136644
24571.76298 0.36777884553765183
24583.77264 0.37174998437624407
24595.7823 0.37540753633456825
24607.79196 0.37868327625735493
24619.801619999997 0.38158041298931167
24631.81128 0.38412016934146764
24643.82094 0.38631813158471273
24655.830599999997 0.3881946448374639
24667.84026 0.38977736924732986
24679.849920000003 0.39109865825080814
24691.85958 0.39230144204380624
24703.86923 0.39326352083772165
24715.87889 0.39412670979860254
24727.888549999997 0.39488327809093005
24739.89821 0.39593117673937533
24751.90787 0.39653890906525396
24763.917529999997 0.39701480598965777
24775.92719 0.3974712251769773
24787.936850000003 0.39791276176039003
24799.94651 0.398366184130038
24811.95617 0.39857346659081117
24823.965830000003 0.3985826794863836
24835.97549 0.3989255811564733
24847.98515 0.3991434996361166
24859.99481 0.3993832180537781
24872.004459999997 0.39959023548958694
24884.01412 0.39969301307196303
24896.02378 0.3997115216384828
24908.03344 0.3996942380179959
24920.0431 0.3995848575535027
24932.052760000003 0.39939530594104455
24944.06242 0.3991235905624526
24956.07208 0.3987693431744487
24968.08174 0.3983353062826164
24980.0914 0.3978260625792731
24992.10106 0.3972412629873408
25004.11072 0.3965873221957428
25016.12038 0.39587191091340135
25028.13004 0.3951054103612305
25040.1397 0.39429660828157637
25052.14935 0.393457247127878
25064.15901 0.39259793556210687
25076.168670000003 0.3917252805336958
25088.17833 0.3908535777141179
25100.18799 0.389992879101541
25112.19765 0.38916691281499394
25124.20731 0.3883693245418118
25136.21697 0.3876110830463779
25148.22663 0.3868966345223192
25160.236289999998 0.3862334279418145
25172.24595 0.3856300022391017
25184.25561 0.3850884947347044
25196.26527 0.38461349396492844
25208.274929999996 0.38421442951626794
25220.28459 0.3838920047337752
25232.29424 0.383643379928309
25244.3039 0.38347099009510277
25256.31356 0.3833735213097605
25268.32322 0.3833494218572442
25280.33288 0.3834011106843236
25292.34254 0.38352480812281364
25304.352199999998 0.38372982314536974
25316.36186 0.3840245342890518
25328.37152 0.384381134690465
25340.38118 0.38479492219101896
25352.390839999996 0.3852633974126205
25364.4005 0.3857807786159918
25376.410160000002 0.38633831946822106
25388.41982 0.3869315181146754
25400.42948 0.3875556498841649
25412.439129999997 0.388179686049701
25424.44879 0.38882403108499863
25436.45845 0.3894816465258838
25448.468109999998 0.390147178724834
25460.47777 0.3908175358685202
25472.48743 0.3914890336597603
25484.49709 0.3921569008761101
25496.506749999996 0.3928168995934598
25508.516410000004 0.3934796217380242
25520.526070000003 0.39413165349756407
25532.53573 0.3947689619975947
25544.54539 0.39538693988011997
25556.555050000003 0.39598351013100347
25568.56471 0.3965574393302673
25580.57437 0.3971081036731551
25592.584019999998 0.39763564812395047
25604.593679999996 0.39814026518711465
25616.60334 0.3986265218562318
25628.613000000002 0.39909044024156404
25640.62266 0.39953389125570565
25652.63232 0.3999562388809089
25664.641980000003 0.4003617469826434
25676.65164 0.4007548777173955
25688.6613 0.40112882606608113
25700.670960000003 0.40152020813756395
25712.68062 0.4023021812378069
25724.69028 0.4026408404069544
25736.69994 0.40297424384843283
25748.7096 0.4033070999717687
25760.71926 0.4036353081719867
25772.728910000002 0.4038430400031703
25784.73857 0.40386529418755657
25796.74823 0.4041882468233964
25808.757890000003 0.4045142355132233
25820.76755 0.40485243144178096
25832.77721 0.4052119732978061
25844.78687 0.40557564532883184
25856.79653 0.4059420674826819
25868.80619 0.40631371778638203
25880.81585 0.4066847758097274
25892.825509999997 0.4070622413416499
25904.83517 0.4074287548250236
25916.84483 0.40780014095666717
25928.854489999997 0.40818043568590967
25940.86414 0.4085128444769792
25952.873800000003 0.4084509152906907
25964.88346 0.4088132113594045
25976.89312 0.4094920989152845
25988.90278 0.4099840499837243
26000.91244 0.4103010011465617
26012.9221 0.41026802437446847
26024.93176 0.41017835347898857
26036.941419999997 0.41007600480617334
26048.95108 0.40995720688522563
26060.96074 0.40982020101574174
26072.970399999997 0.4096691645578444
26084.980059999996 0.40950040156243467
26096.989720000003 0.40931378807137453
26108.99938 0.40911495719024005
26121.00903 0.40889259962105673
26133.01869 0.4085367834752232
26145.028349999997 0.4081373272381993
26157.03801 0.4081407772121397
26169.04767 0.4081253699381291
26181.057329999997 0.4085768554954067
26193.06699 0.4085467707644751
26205.07665 0.4085102864028817
26217.08631 0.4084757939401966
26229.09597 0.40843431254241225
26241.105630000003 0.4083895397150297
26253.11529 0.4083448858395383
26265.12495 0.4082978603943801
26277.13461 0.4082478985504886
26289.14427 0.40820615585141995
26301.15392 0.40816615004841106
26313.16358 0.4081277482450789
26325.173239999997 0.40810171490885655
26337.1829 0.40807913400135487
26349.192560000003 0.4084974618717905
26361.20222 0.408541015807221
26373.21188 0.4085535456987712
26385.22154 0.4085772357561338
26397.2312 0.40861786544573364
26409.24086 0.4086702353051528
26421.25052 0.40873418612972046
26433.26018 0.4088134760835923
26445.26984 0.4089062875346151
26457.2795 0.40901081226060726
26469.28916 0.40912727172335506
26481.29881 0.40925240649352335
26493.308470000003 0.4093857352578446
26505.31813 0.409267392233279
26517.32779 0.40913486225948237
26529.33745 0.4096378615564741
26541.34711 0.4097321291459184
26553.35677 0.40979203403641706
26565.36643 0.4098493533005636
26577.37609 0.40990646873753067
26589.38575 0.4099613616797315
26601.39541 0.40994558473895937
26613.40507 0.40943184632804247
26625.41473 0.409128493834489
26637.42439 0.40912717206040017
26649.43405 0.4091242822330625
26661.4437 0.40910045746579327
26673.45336 0.4090758978750804
26685.46302 0.4093077642584715
26697.47268 0.4094884372241419
26709.48234 0.4094824109685248
26721.492 0.4090006209099548
26733.50166 0.409000973809064
26745.51132 0.4090006320667433
26757.52098 0.40901146705893743
26769.530639999997 0.4090214139519033
26781.5403 0.40902052600197275
26793.54996 0.40901917187774134
26805.55962 0.40901201028608736
26817.56928 0.4090003509795467
26829.578940000003 0.40852166828650927
26841.58859 0.40846732178165956
26853.59825 0.4084274520091208
26865.60791 0.40863850458922635
26877.61757 0.4087900429966209
26889.62723 0.4087383788581014
26901.63689 0.40868042438196095
26913.646549999997 0.4085907594116198
26925.656210000004 0.4082379686721055
26937.665870000003 0.40795541731720164
26949.67553 0.40788956768391627
26961.68519 0.40783480514490766
26973.694850000003 0.4077910697878832
26985.70451 0.40776015473514937
26997.71417 0.40807591825137335
27009.72383 0.4082767868746212
27021.733479999996 0.4083316580604391
27033.74314 0.4082577762880886
27045.7528 0.4086964271224828
27057.76246 0.4088471057008895
27069.77212 0.40899731045697574
27081.781780000003 0.40914801025782466
27093.79144 0.40930040790900557
27105.8011 0.40944607368019265
27117.810760000003 0.40958779194729483
27129.82042 0.40972099769819126
27141.83008 0.40936806656822233
27153.83974 0.4094829727869619
27165.8494 0.40958432356409824
27177.85906 0.40967963557911413
27189.868710000002 0.4097632316164397
27201.87837 0.4098243781765697
27213.88803 0.41002582714910096
27225.897690000003 0.41032279536851046
27237.90735 0.40994778476584753
27249.91701 0.40983922496670055
27261.92667 0.40982747273625375
27273.93633 0.40980084591030885
27285.94599 0.409761744186823
27297.95565 0.4097210234470652
27309.965309999997 0.40967954401800755
27321.97497 0.40963517920987524
27333.98463 0.40939431662560777
27345.994289999997 0.40904993192937533
27358.00395 0.4089879974035241
27370.013600000003 0.40892445241147923
27382.02326 0.4088646563123858
27394.03292 0.40880778777073745
27406.04258 0.4090351149143827
27418.05224 0.4091623104136613
27430.0619 0.409114706699371
27442.07156 0.40898222960726194
27454.081219999997 0.408581594260302
27466.09088 0.4085735484264633
27478.10054 0.40857489068041947
27490.110199999997 0.4085932480962183
27502.119859999996 0.4085617874120613
27514.12952 0.40823843528813153
27526.13918 0.40764401595433564
27538.14884 0.40717726070736
27550.15849 0.4069136132907937
27562.16815 0.4065647085525883
27574.17781 0.4059692706638043
27586.18747 0.40576326127191964
27598.197129999997 0.4059556572544527
27610.20679 0.40589571031533733
27622.21645 0.40538143213118394
27634.226109999998 0.40561714114790814
27646.23577 0.4058159932624369
27658.245430000004 0.40603924682772163
27670.25509 0.40580448528376367
27682.26475 0.40607081319009797
27694.27441 0.4063551640624714
27706.284070000002 0.4063312406743069
27718.29373 0.4064275171903702
27730.30338 0.406714696212068
27742.313039999997 0.4070164435656247
27754.322699999996 0.40711824944342845
27766.332360000003 0.40716390414638115
27778.34202 0.4074855843061207
27790.35168 0.4082735049922064
27802.361340000004 0.40849166103619833
27814.371 0.4084608339211252
27826.38066 0.40879471071124396
27838.39032 0.4091219326547467
27850.399980000002 0.40942710975976787
27862.40964 0.40927857931857137
27874.4193 0.4095839063571033
27886.42896 0.4098790491609553
27898.43862 0.41016047042021514
27910.448270000003 0.40997439346933295
27922.45793 0.4102618047839341
27934.46759 0.4105344257655213
27946.47725 0.4104725553334954
27958.48691 0.4105396293018709
27970.49657 0.41075991942945256
27982.50623 0.41107843999945726
27994.51589 0.4113917741141315
28006.52555 0.41125736007614555
28018.53521 0.4113462369470916
28030.54487 0.41141642244719523
28042.55453 0.41134739075568505
28054.56419 0.41102312844073885
28066.57385 0.4110497335787695
28078.583509999997 0.41106256729025215
28090.59316 0.4110347964664819
28102.60282 0.41056513760137453
28114.61248 0.4105518796431875
28126.62214 0.41053145821508297
28138.6318 0.4105023184570719
28150.64146 0.4099795925805386
28162.65112 0.4099365558682816
28174.66078 0.40989207389746873
28186.670439999997 0.41015349823693337
28198.6801 0.4098383995165844
28210.68976 0.4096797710788115
28222.699419999997 0.4095815920664718
28234.70908 0.40948640478301446
28246.718740000003 0.40939546318455994
28258.72839 0.4093087970757491
28270.73805 0.4092246174771039
28282.74771 0.4091468571815383
28294.75737 0.4090741604991117
28306.76703 0.40898624424548224
28318.77669 0.40888481598339455
28330.786349999997 0.40879182530097696
28342.79601 0.4087047016192371
28354.805670000003 0.4086283045074719
28366.81533 0.4082295888652696
28378.82499 0.40801640001818695
28390.834650000003 0.4079676320325831
28402.84431 0.4080607462888315
28414.85397 0.40836395104629986
28426.86363 0.40834586457100863
28438.873279999997 0.40833854263417435
28450.88294 0.40833810391766995
28462.8926 0.4083495377064853
28474.902259999997 0.40837072837975535
28486.91192 0.4084018372720103
28498.921580000003 0.40843868132806094
28510.93124 0.4082461245276755
28522.9409 0.40803780005251783
28534.950560000003 0.4078382182549124
28546.96022 0.4076457070049333
28558.96988 0.4074599779478218
28570.97954 0.4072804993196313
28582.9892 0.4071080374917143
28594.99886 0.4069421871581773
28607.00852 0.40650493931863746
28619.01817 0.40631315459017736
28631.02783 0.4062706683284947
28643.037490000003 0.40637463406469443
28655.04715 0.40666232410416714
28667.05681 0.4066342178475827
28679.06647 0.4066070846031582
28691.07613 0.40658392116087755
28703.08579 0.4065742322790713
28715.09545 0.4066034752081067
28727.10511 0.4066318405620396
28739.11477 0.406659485584626
28751.12443 0.4066840963060363
28763.134089999998 0.4067071020213058
28775.14375 0.40672573037552706
28787.15341 0.40673889321479334
28799.16306 0.40674469233237776
28811.17272 0.40673801384283237
28823.18238 0.4067219175275296
28835.19204 0.40669451177634036
28847.2017 0.40665574757604006
28859.21136 0.40615656978851084
28871.221019999997 0.4060520267625242
28883.23068 0.40596786948186053
28895.24034 0.4058669330130175
28907.249999999998 0.40581318090164664
28919.259659999996 0.40578510936736384
28931.26932 0.4061938931083795
28943.27898 0.40612299765011545
28955.28864 0.40602785430375404
28967.298300000004 0.40590975626994114
28979.30795 0.4057677566825525
28991.31761 0.4056022177918299
29003.32727 0.40538423376938854
29015.336929999997 0.40507129507594125
29027.34659 0.40473171530374463
29039.35625 0.40436837108800966
29051.365909999998 0.40397963812726306
29063.375569999996 0.403566681475248
29075.385230000004 0.4031297708503233
29087.394890000002 0.4026705580321981
29099.40455 0.4021892558109409
29111.41421 0.401259854437982
29123.423870000003 0.4007948956649996
29135.43353 0.40031280430442606
29147.44319 0.3998148455149534
29159.452839999997 0.3993042498251859
29171.462499999996 0.39878186087469103
29183.47216 0.3982512129832272
29195.48182 0.397715616534409
29207.49148 0.39708245563747613
29219.501140000004 0.3963918359076195
29231.510800000002 0.3957014827855689
29243.52046 0.395014223174165
29255.53012 0.3943330927663073
29267.539780000003 0.39399510668003457
29279.54944 0.39344144839308764
29291.5591 0.3927906041981193
29303.56876 0.39212367502658096
29315.57842 0.39140083483866744
29327.58808 0.3906956626722712
29339.59773 0.39001023052754147
29351.60739 0.3893459634938632
29363.61705 0.38870384730918595
29375.626710000002 0.38782378467024875
29387.63637 0.38702547734088055
29399.64603 0.3864542327615649
29411.65569 0.3859682107193857
29423.66535 0.3855088298404965
29435.67501 0.3853357883211903
29447.68467 0.3851251672767246
29459.69433 0.3847386906988066
29471.70399 0.38437618799577644
29483.71365 0.3840363207536809
29495.723309999997 0.3837172810322596
29507.73296 0.3836349803659197
29519.742620000002 0.3833023333885924
29531.75228 0.3828967949510268
29543.76194 0.3825054419999596
29555.7716 0.38212687166976866
29567.78126 0.38176015332970586
29579.79092 0.38140279523185117
29591.80058 0.3810539961305499
29603.810239999997 0.3807097516512524
29615.8199 0.38036756117924175
29627.82956 0.3800276629170469
29639.839219999997 0.3796891482488881
29651.848879999996 0.3793515732178727
29663.858540000003 0.37901091573347023
29675.8682 0.37866573096594736
29687.87785 0.3783159278002197
29699.88751 0.3779612506077584
29711.89717 0.3776333481377789
29723.90683 0.3772989773646047
29735.91649 0.376956610904818
29747.926149999997 0.37660748278196243
29759.93581 0.3771199268945582
29771.94547 0.3767633664314537
29783.955129999997 0.37639367905249305
29795.96479 0.3760180934670457
29807.974450000003 0.37551080775970136
29819.98411 0.37493569219647516
29831.99377 0.37435687467274453
29844.00343 0.37377512770464083
29856.01309 0.3731900242894528
29868.02274 0.37260538832168133
29880.0324 0.37202191116132854
29892.042059999997 0.37182353914462585
29904.05172 0.3712928319147528
29916.061380000003 0.37086803292383175
29928.07104 0.37044748591556265
29940.0807 0.37003442737309666
29952.090360000003 0.3696280760870351
29964.10002 0.36922959680026707
29976.10968 0.36883928761908974
29988.11934 0.3684603106240607
30000.129 0.3680890532366455
30012.13866 0.36756633547802153
30024.14832 0.3672721110639786
30036.15798 0.3666886340850882
30048.16763 0.36611485167455965
30060.177290000003 0.36555918345027133
30072.18695 0.3654328566870797
30084.19661 0.36488495042640284
30096.20627 0.3643442803352849
30108.21593 0.3639792297910067
30120.22559 0.36369834717372496
30132.23525 0.3634192614058251
30144.24491 0.363143063745961
30156.25457 0.36286554882339817
30168.26423 0.36258734327924813
30180.27389 0.3623043033700808
30192.28355 0.3620166356743408
30204.29321 0.36166489482984454
30216.30287 0.36120300055543897
30228.31252 0.36072780476789007
30240.32218 0.36023998791896306
30252.33184 0.35973535823701547
30264.3415 0.3592152466636408
30276.35116 0.3586766778999121
30288.360819999998 0.35811866392869707
30300.37048 0.3575501115400951
30312.38014 0.3572706701788345
30324.3898 0.3569720476614957
30336.399459999996 0.356652690751888
30348.40912 0.35631304375746076
30360.41878 0.35596827797414765
30372.428439999997 0.3559922844767629
30384.438100000004 0.3555879982138394
30396.447760000003 0.35516570452544216
30408.45741 0.3548779866978725
30420.46707 0.3546385061155146
30432.476729999998 0.3543807601946835
30444.48639 0.3541099875030389
30456.49605 0.3538268414349905
30468.50571 0.3535348590043134
30480.515369999996 0.35325327629000175
30492.52503 0.35329371274612886
30504.534690000003 0.3529386697060999
30516.54435 0.3525070398628557
30528.55401 0.3520785369817927
30540.563670000003 0.35165328203624746
30552.57333 0.3512357308741512
30564.58299 0.35082422301437877
30576.592639999998 0.3504243572596254
30588.602299999996 0.3500352225721474
30600.61196 0.34968096740770505
30612.62162 0.3496979914373864
30624.63128 0.3497324184181766
30636.640940000004 0.34978386161496666
30648.650600000003 0.34985405719393653
30660.66026 0.3503608613052369
30672.66992 0.35046890699126565
30684.679580000003 0.35077967447431907
30696.68924 0.3511306872577205
30708.6989 0.3511318156769495
30720.70856 0.35108512472155284
30732.71822 0.3510510594212426
30744.72788 0.35102135190804834
30756.737530000002 0.3509954166705369
30768.74719 0.35096699115225866
30780.75685 0.35093331010944157
30792.766510000003 0.35088737654597524
30804.77617 0.35094947840445234
30816.78583 0.3511782236156229
30828.795490000003 0.35136825655303583
30840.80515 0.3515142244936572
30852.81481 0.3516020423161653
30864.82447 0.35162237502814775
30876.83413 0.35155901984670135
30888.84379 0.35140124502547565
30900.85345 0.35113428194373053
30912.863109999997 0.3508305664698802
30924.87277 0.35038090104753217
30936.882420000003 0.35005055908159644
30948.89208 0.34937538913760835
30960.90174 0.34836237740888154
30972.9114 0.3471219030269198
30984.92106 0.3456231316485724
30996.93072 0.3438526896206282
31008.94038 0.34166600566580063
31020.950039999997 0.3391178472314741
31032.9597 0.33622997621778594
31044.96936 0.3329872134768805
31056.979019999997 0.32936792531227277
31068.98868 0.32535245754073694
31080.99834 0.3209387426353748
31093.008 0.3161170417710044
31105.01766 0.31091525863573666
31117.02731 0.3053508844077458
31129.03697 0.29937557930413433
31141.04663 0.2929906186849337
31153.05629 0.28621052676539505
31165.065949999997 0.27906011720805773
31177.07561 0.27156165104298996
31189.08527 0.26373442734816904
31201.094929999997 0.2556688528759812
31213.104589999996 0.2477472549288366
31225.114250000003 0.23932354630373337
31237.12391 0.23071060886863337
31249.13357 0.22195437497286674
31261.14323 0.2130980712823639
31273.15289 0.20417999346651555
31285.16255 0.1952488193546449
31297.1722 0.1863500023291502
31309.181859999997 0.17747608643588839
31321.19152 0.1687024546283259
31333.20118 0.16008259823010715
31345.21084 0.15165103046425948
31357.2205 0.1434351243647039
31369.230160000003 0.13546229037266078
31381.23982 0.12775779354168823
31393.24948 0.12033667922883007
31405.25914 0.11323076867150353
31417.2688 0.10645215876485292
31429.27846 0.09998749558664483
31441.28812 0.09383786192558434
31453.29778 0.08800461023317802
31465.30744 0.08248753980745344
31477.317090000003 0.07734700892875945
31489.32675 0.07246190789753149
31501.33641 0.06784518090093641
31513.34607 0.06351324824613536
31525.35573 0.05945462495628172
31537.36539 0.05565856109820877
31549.37505 0.05211199071319345
31561.384710000002 0.04880047688136177
31573.39437 0.04571264129607682
31585.40403 0.04283430852951288
31597.41369 0.0401553891252585
31609.42335 0.03765742164051833
31621.43301 0.03533304145020956
31633.44267 0.033170745269400344
31645.452329999997 0.031159328278846488
31657.46198 0.029290418594365725
31669.47164 0.027551715304070364
31681.4813 0.025935480490563486
31693.49096 0.02443084597384148
31705.50062 0.023037570259886564
31717.51028 0.021747456720697864
31729.51994 0.020569045413124577
31741.5296 0.01944992442285329
31753.539259999997 0.018404137725881196
31765.54892 0.01743022028106213
31777.55858 0.016521152510606114
31789.568239999997 0.015672836177954726
31801.5779 0.014879226949893307
31813.587560000003 0.014133260932514604
31825.59721 0.01343616624435547
31837.60687 0.012782571172406165
31849.61653 0.012171418260281805
31861.62619 0.011597542759402429
31873.63585 0.011059390466129772
31885.64551 0.01055410242600769
31897.655169999997 0.010078864971205066
31909.66483 0.009633124006128271
31921.67449 0.009212755598702441
31933.68415 0.008817879725008748
31945.69381 0.008445049061710848
31957.703470000003 0.00809352097764592
31969.71313 0.007761511180493779
31981.72279 0.007455618423331159
31993.732450000003 0.007157931530744692
32005.7421 0.006873406139120623
32017.75176 0.006603203612700111
32029.76142 0.0063456899688508345
32041.771079999997 0.006100282484790739
32053.780740000004 0.005866667465119005
32065.790400000003 0.005642748763272126
32077.80006 0.005429818184593949
32089.80972 0.005225592804267806
32101.819380000003 0.005030986192711353
32113.82904 0.004844043063408418
32125.8387 0.004660983535488646
32137.84836 0.004487054258747075
32149.85802 0.004320912748340589
32161.86768 0.004161637679287772
32173.87734 0.004007035316165292
32185.88699 0.0038574479707212048
32197.89665 0.003713192002941925
32209.906310000003 0.003574076506577697
32221.91597 0.0034446712628354546
32233.92563 0.003314034278422795
32245.935290000003 0.003187816115260208
32257.94495 0.0030652985852162307
32269.95461 0.0029463142017399913
32281.96427 0.0028314053168392327
32293.97393 0.0027187162889969656
32305.98359 0.002609473289878753
32317.99325 0.002502094251481726
32330.002909999997 0.002397835697621341
32342.01257 0.0022969106886247875
32354.02223 0.0021981729110670273
32366.03188 0.002103270303100093
32378.04154 0.002010671507876363
32390.0512 0.001921238269806059
32402.06086 0.0018342697780353403
32414.07052 0.0017496033732686453
32426.08018 0.0016684661497213245
32438.089839999997 0.0015891130825571756
32450.0995 0.0015151741801217866
32462.10916 0.00144202662990794
32474.118819999997 0.0013715269110943977
32486.12848 0.0013041267586771086
32498.13814 0.0012384744703534242
32510.147799999998 0.0011762566007569402
32522.15746 0.0011159147332638142
32534.167120000004 0.0010582815202311129
32546.17677 0.0010032631696201642
32558.18643 0.0009497309120922974
32570.19609 0.0008992612536834039
32582.205749999997 0.0008505089359732064
32594.21541 0.000804159814634749
32606.22507 0.0007599408730610663
32618.234729999998 0.0007175376892750103
32630.244389999996 0.0006779189031128031
32642.254050000004 0.0006392059197534697
32654.26371 0.0006024482199520092
32666.27337 0.000567428740800941
32678.28303 0.0005343110188800267
32690.292690000002 0.0005032190488037924
32702.30235 0.00047314077299062885
32714.31201 0.0004449070099206468
32726.321659999997 0.00041796190571664936
32738.33132 0.00039232837662026
32750.34098 0.00036893149286697073
32762.350639999998 0.00034629613864028204
32774.3603 0.00032575191424823917
32786.369960000004 0.0003063995192142306
32798.37962 0.0002876301665295577
32810.38928 0.00027063830443762996
32822.39894 0.00025414694407207173
32834.408600000002 0.00023907124913774693
32846.41826 0.00022458834280986948
32858.42792 0.00021102438309089584
32870.43758 0.00019903598832255885
32882.44724 0.00018715073065981864
32894.456890000003 0.0001767345113732798
32906.46655 0.00016677626062423692
32918.47621 0.00015737947662416676
32930.485870000004 0.00014911922342397368
32942.49553 0.00014085892293547243
32954.50519 0.00013347452174146667
32966.51485 0.00012615785451945563
32978.524510000002 0.0001192072404780982
32990.53417 0.00011310663403185872
33002.54383 0.00010678814802530894
33014.55349 0.00010107786441470104
33026.56315 9.562191047813117e-05
33038.57281 9.047793326270744e-05
33050.58247 8.621579683807789e-05
33062.592129999997 8.183396067833742e-05
33074.60178 7.804744991781362e-05
33086.61144 7.447684321418868e-05
33098.6211 7.108887669708492e-05
33110.63076 6.835288571472463e-05
33122.64042 6.555746071652034e-05
33134.65008 6.321039595433886e-05
33146.65974 6.100215916469926e-05
33158.6694 5.8796281799729884e-05
33170.67906 5.7338614075467924e-05
33182.68872 5.556459407666472e-05
33194.69838 5.394911774659256e-05
33206.708039999997 5.235574131633969e-05
33218.7177 5.0810264497389834e-05
33230.72736 5.003687673939486e-05
33242.73702 4.888691333544558e-05
33254.74667 4.749080947848996e-05
33266.75633 4.6267115129962085e-05
33278.76599 4.520976620369909e-05
33290.77565 4.460536641321386e-05
33302.78531 4.3906242738435576e-05
33314.794969999997 4.269634293927463e-05
33326.80463 4.155652876409709e-05
33338.81429 4.013545155076421e-05
33350.823949999997 3.905438553954732e-05
33362.83361 3.7633215347134124e-05
33374.843270000003 3.6133442669764235e-05
33386.85293 3.4889867377564356e-05
33398.86259 3.3634769545028636e-05
33410.872250000003 3.292997106471299e-05
33422.88191 3.220958651041937e-05
33434.89156 3.1183480565230076e-05
33446.90122 3.047549800671348e-05
33458.910879999997 2.9788269660414868e-05
33470.92054 2.9041618660354603e-05
33482.930200000003 2.828221780280647e-05
33494.93986 2.73608441101402e-05
33506.94952 2.6638408228469493e-05
33518.959180000003 2.5890706892910206e-05
33530.96884 2.530356469058282e-05
33542.9785 2.485238449961627e-05
33554.98816 2.4243734676954294e-05
33566.99782 2.3711912612850606e-05
33579.00748 2.316159171102202e-05
33591.01714 2.2494247962094995e-05
33603.026799999998 2.20173372184174e-05
33615.03645 2.165152571924218e-05
33627.046110000003 2.142170561405833e-05
33639.05577 2.1313701975437292e-05
33651.06543 2.1154022286828884e-05
33663.075090000003 2.1213047664796994e-05
33675.08475 2.1469905507665758e-05
33687.09441 2.1694920195362606e-05
33699.10407 2.1862563765152514e-05
33711.11373 2.1880643266898147e-05
33723.12339 2.1912761131440822e-05
33735.13305 2.203813350952752e-05
33747.142709999998 2.221249181204852e-05
33759.15237 2.2446138664116317e-05
33771.16203 2.2640680560624945e-05
33783.17169 2.2845753904770937e-05
33795.18134 2.3417072884696765e-05
33807.191 2.403941662264899e-05
33819.20066 2.453648829449596e-05
33831.21032 2.4880147435425185e-05
33843.21998 2.4952786775049835e-05
33855.229639999997 2.5099250301093313e-05
33867.2393 2.5301521135029787e-05
33879.24896 2.555790519328299e-05
33891.258619999998 2.5725180280907802e-05
33903.26828 2.5589789098170265e-05
33915.27794 2.5465321813134484e-05
33927.2876 2.5881751815050907e-05
33939.297259999996 2.6448164751949704e-05
33951.306920000004 2.7002144845986825e-05
33963.316580000003 2.753925297677252e-05
33975.32623 2.8244909680892614e-05
33987.33589 2.9090804113190406e-05
33999.345549999997 3.015178525133532e-05
34011.35521 3.12807186568914e-05
34023.36487 3.200620315905897e-05
34035.374529999998 3.260212244604993e-05
34047.384189999996 3.3210691936302995e-05
34059.39385 3.374193335509638e-05
34071.40351 3.408375455276054e-05
34083.41317 3.461879430450207e-05
34095.422830000004 3.5468279213440054e-05
34107.432490000003 3.628333099181454e-05
34119.44215 3.7528850755230096e-05
34131.45181 3.9064696646156984e-05
34143.461459999997 4.024894627980714e-05
34155.47112 4.116099992352406e-05
34167.48078 4.209530313689824e-05
34179.490439999998 4.281546310800897e-05
34191.500099999996 4.363111912321455e-05
34203.509760000004 4.439859566863772e-05
34215.519420000002 4.4687080900788524e-05
34227.52908 4.488492535465049e-05
34239.53874 4.54345101487871e-05
34251.548400000003 4.65566749041592e-05
34263.55806 4.743208366135101e-05
34275.56772 4.7629891192734234e-05
34287.57738 4.7556035389421154e-05
34299.58704 4.74409079914109e-05
34311.5967 4.7891042581249906e-05
34323.60635 4.874232689311864e-05
34335.61601 4.897297195727477e-05
34347.625670000004 4.884785207158919e-05
34359.635330000002 4.913156005854288e-05
34371.64499 4.946386884436461e-05
34383.65465 4.990975416827763e-05
34395.664310000003 5.043799262162834e-05
34407.67397 5.0299194498686634e-05
34419.68363 5.023456670112661e-05
34431.69329 5.056327137526167e-05
34443.70295 5.1091588820695e-05
34455.71261 5.145814457842394e-05
34467.72227 5.1602417854898135e-05
34479.731929999997 5.212723067480265e-05
34491.74159 5.281103588317043e-05
34503.751240000002 5.297636651042147e-05
34515.7609 5.320423893373472e-05
34527.77056 5.281007839753782e-05
34539.78022 5.197897021625846e-05
34551.78988 5.1734664897546393e-05
34563.79954 5.141695417589829e-05
34575.8092 5.065721216449485e-05
34587.81886 5.011609087146656e-05
34599.82852 4.957542035144725e-05
34611.83818 4.918110528449465e-05
34623.847839999997 4.950262010690099e-05
34635.8575 4.967289057664017e-05
34647.86716 5.0126105165763814e-05
34659.876819999997 5.085697518963084e-05
34671.88648 5.116157989074549e-05
34683.89613 5.144057490579075e-05
34695.90579 5.151211085759099e-05
34707.91545 5.127609581708458e-05
34719.92511 5.111197860702979e-05
34731.934769999997 5.074428054245664e-05
34743.94443 4.997216608621971e-05
34755.95409 4.903938308850882e-05
34767.963749999997 4.7863152541315787e-05
34779.973409999996 4.693616403244572e-05
34791.983070000003 4.6297373225407225e-05
34803.99273 4.5446505619209e-05
34816.00239 4.497129086857212e-05
34828.012050000003 4.4510777703603196e-05
34840.02171 4.410083052781841e-05
34852.03137 4.435835202898967e-05
34864.04102 4.41102176749788e-05
34876.050679999997 4.3478164728620345e-05
34888.06034 4.31567509252353e-05
34900.07 4.227038847386311e-05
34912.07966 4.163618437161241e-05
34924.08932 4.158600745711154e-05
34936.098980000003 4.081781172061581e-05
34948.10864 4.037007573202061e-05
34960.1183 4.074123489654375e-05
34972.12796 4.082725436182244e-05
34984.13762 4.137639139946177e-05
34996.14728 4.1896687789081764e-05
35008.15694 4.121346892538179e-05
35020.1666 4.0839532489382726e-05
35032.17626 4.070518889954784e-05
35044.185910000003 3.994381469518766e-05
35056.19557 3.9782486748066284e-05
35068.20523 3.9581106785252955e-05
35080.214890000003 3.9317072823014366e-05
35092.22455 4.032928972800999e-05
35104.23421 4.125467923755466e-05
35116.24387 4.159603565721743e-05
35128.25353 4.209363659293486e-05
35140.26319 4.189576852024231e-05
35152.27285 4.155264959987743e-05
35164.28251 4.1600048595114676e-05
35176.29217 4.063343557973848e-05
35188.30183 3.912496263822617e-05
35200.31149 3.828145918649192e-05
35212.32114 3.734937421476792e-05
35224.3308 3.697126748881794e-05
35236.34046 3.697065829475242e-05
35248.35012 3.6656325824023424e-05
35260.35978 3.68953933734711e-05
35272.36944 3.7191726276102515e-05
35284.3791 3.702067432702221e-05
35296.38876 3.718734850503262e-05
35308.39842 3.705858143706126e-05
35320.40808 3.631300438135391e-05
35332.41774 3.616960514940591e-05
35344.4274 3.570446893824734e-05
35356.437059999997 3.482823023991284e-05
35368.44672 3.4600617221418656e-05
35380.456380000003 3.4324412624869174e-05
35392.46603 3.4457946379982626e-05
35404.47569 3.563642853058983e-05
35416.485349999998 3.623339368228816e-05
35428.49501 3.666519524830894e-05
35440.50467 3.767811239867071e-05
35452.51433 3.815433332425113e-05
35464.523989999996 3.891945094855638e-05
35476.53365 4.009744320403397e-05
35488.54331 3.9902774225179144e-05
35500.552969999997 3.946661310464829e-05
35512.562630000004 3.952909813582783e-05
35524.572290000003 3.882528751640865e-05
35536.58195 3.831507966511958e-05
35548.59161 3.81619978201951e-05
35560.601270000003 3.743626714456989e-05
35572.61092 3.759486792891517e-05
35584.62058 3.793487165232144e-05
35596.63024 3.725410918974035e-05
35608.639899999996 3.737290987007378e-05
35620.64956 3.79085254939552e-05
35632.659220000003 3.8089674556189844e-05
35644.66888 3.895323682885852e-05
35656.67854 3.9193267784905275e-05
35668.688200000003 3.8336120600196686e-05
35680.69786 3.836298308688491e-05
35692.70752 3.857206888458161e-05
35704.71718 3.834779945230297e-05
35716.72684 3.883780393545758e-05
35728.7365 3.873361656819358e-05
35740.74616 3.812991884241442e-05
35752.75581 3.851965478033414e-05
35764.765470000004 3.856353135880806e-05
35776.775130000003 3.8252339673045956e-05
35788.78479 3.859051819961399e-05
35800.79445 3.8252011800408346e-05
35812.804110000003 3.755503535633125e-05
35824.81377 3.752919196505449e-05
35836.82343 3.6737439960103455e-05
35848.83309 3.568506306249787e-05
35860.84275 3.5509139050580425e-05
35872.85241 3.505588433393441e-05
35884.86207 3.454417209288431e-05
35896.871729999997 3.5011752408959085e-05
35908.88139 3.4953931185644905e-05
35920.89105 3.460801773288785e-05
35932.9007 3.526520896570564e-05
35944.91036 3.54834005589523e-05
35956.92002 3.5478779214972306e-05
35968.92968 3.6369782155074476e-05
35980.93934 3.6464360260658255e-05
35992.949 3.613143441418652e-05
36004.95866 3.698028474293089e-05
36016.96832 3.7399550381297516e-05
36028.97798 3.755118481808923e-05
36040.987639999997 3.8352051704107794e-05
36052.9973 3.838172931855046e-05
36065.00696 3.814017791793302e-05
36077.016619999998 3.8950482483370054e-05
36089.026279999996 3.908785644344129e-05
36101.035940000004 3.842253539801599e-05
36113.04559 3.839183767934622e-05
36125.05525 3.802601507917443e-05
36137.06491 3.783730526094068e-05
36149.074569999997 3.880916111416383e-05
36161.08423 3.922313577402573e-05
36173.09389 3.927869107799313e-05
36185.103549999997 4.0318430424574484e-05
36197.11321 4.109549679314109e-05
36209.12287 4.1661617824322036e-05
36221.13253 4.291975414064448e-05
36233.14219 4.3294216528330635e-05
36245.151850000004 4.3181453881388764e-05
36257.16151 4.4171148167791934e-05
36269.17117 4.463713464403198e-05
36281.18082 4.479326489645068e-05
36293.190479999997 4.593077740055081e-05
36305.20014 4.669825248588071e-05
36317.2098 4.679198533872098e-05
36329.219459999997 4.7616017985366254e-05
36341.229119999996 4.800886309285827e-05
36353.238780000003 4.748211626687257e-05
36365.24844 4.8009399846484936e-05
36377.2581 4.8436773504435e-05
36389.26776 4.813075284686439e-05
36401.27742 4.889134906861773e-05
36413.28708 4.98319632230525e-05
36425.29674 5.019270127575139e-05
36437.306400000002 5.1584246143337225e-05
36449.31606 5.295144402377353e-05
36461.32571 5.347634982306308e-05
36473.33537 5.495029850868772e-05
36485.34503 5.645814525269835e-05
36497.354690000003 5.690090048913171e-05
36509.36435 5.765526319371993e-05
36521.37401 5.873417813062685e-05
36533.38367 5.8881807478558404e-05
36545.393330000002 5.943099631571114e-05
36557.40299 6.058040176365942e-05
36569.41265 6.03705287505214e-05
36581.42231 6.021557153381904e-05
36593.43197 6.080009989599869e-05
36605.44163 6.055288506791598e-05
36617.45129 6.066106120740815e-05
36629.460949999997 6.156065949579677e-05
36641.4706 6.122287170630002e-05
36653.48026 6.0510083285840764e-05
36665.48992 6.0320292180728144e-05
36677.49958 5.961713987177167e-05
36689.509240000002 5.8679424036077706e-05
36701.5189 5.856733051192289e-05
36713.52856 5.795618844972224e-05
36725.53822 5.684393548503061e-05
36737.54788 5.7132796399466896e-05
36749.55754 5.7255993315214986e-05
36761.5672 5.6580700593915974e-05
36773.576859999997 5.6761149522007407e-05
36785.58652 5.6725670374816635e-05
36797.59618 5.612247731639794e-05
36809.60584 5.6126156606917936e-05
36821.61549 5.57893447405458e-05
36833.62515 5.461051234577943e-05
36845.63481 5.396988629525505e-05
36857.64447 5.384477987114108e-05
36869.65413 5.2693324751342935e-05
36881.663789999997 5.1609561818765636e-05
36893.67345 5.110951579960598e-05
36905.68311 4.98322575564085e-05
36917.692769999997 4.9248038864881535e-05
36929.702430000004 4.95612438470135e-05
36941.712090000003 4.898458684422149e-05
36953.72175 4.8579182047892024e-05
36965.73141 4.9105128322967566e-05
36977.741070000003 4.9374946108333305e-05
36989.75073 4.934709899667373e-05
37001.76038 5.006496749183075e-05
37013.77004 5.034793430344498e-05
37025.779699999997 4.967069985877042e-05
37037.78936 4.9970002152820536e-05
37049.79902 4.975427860798897e-05
37061.80868 4.842734349927575e-05
37073.81834 4.8215802678493176e-05
37085.828000000003 4.819406368384206e-05
37097.83766 4.7272782531406946e-05
37109.84732 4.641926725300845e-05
37121.85698 4.597939095976503e-05
37133.86664 4.4959149552467606e-05
37145.8763 4.439229887779697e-05
37157.88596 4.516364777008172e-05
37169.89562 4.468158132432293e-05
37181.905270000004 4.395314091919671e-05
37193.914930000003 4.431877780180111e-05
37205.92459 4.398405262114676e-05
37217.93425 4.3184512215853396e-05
37229.943910000003 4.2943894846506395e-05
37241.95357 4.280878499385006e-05
37253.96323 4.194022300531471e-05
37265.97289 4.174500667080688e-05
37277.98255 4.177515469534414e-05
37289.99221 4.0505263514322646e-05
37302.00187 4.0182331673892414e-05
37314.011529999997 4.044480175897557e-05
37326.02119 3.986331954932784e-05
37338.03085 3.919817319601014e-05
37350.040509999998 3.899981396491271e-05
37362.05016 3.8500306440393474e-05
37374.059820000003 3.7696974284991734e-05
37386.06948 3.8287592588134766e-05
37398.07914 3.867064588866687e-05
37410.0888 3.8331833277007964e-05
37422.09846 3.87381862497439e-05
37434.10812 3.8879810924027504e-05
37446.11778 3.864478657978712e-05
37458.127439999997 3.9014938234231514e-05
37470.1371 3.9770199598834945e-05
37482.14676 3.92406706147475e-05
37494.156419999998 3.826305820411082e-05
37506.166079999996 3.827925745034506e-05
37518.17574 3.75170354763301e-05
37530.18539 3.7001197583945394e-05
37542.19505 3.705949847468869e-05
37554.20471 3.644211963692617e-05
37566.214369999997 3.5302460823129434e-05
37578.22403 3.5000973136280715e-05
37590.23369 3.52290487461773e-05
37602.243349999998 3.450131949526278e-05
37614.25301 3.45426792727224e-05
37626.26267 3.47760777264403e-05
37638.272329999998 3.3851493023614256e-05
37650.28199 3.313130715769311e-05
37662.291650000004 3.306740224092663e-05
37674.301310000002 3.293569008953183e-05
37686.31097 3.258032257391193e-05
37698.32063 3.323844680591255e-05
37710.330279999997 3.340599149645834e-05
37722.33994 3.273335262321804e-05
37734.3496 3.324235507736229e-05
37746.359259999998 3.409085910781804e-05
37758.368919999996 3.438587429281428e-05
37770.378580000004 3.4529353502547555e-05
37782.38824 3.494840448613693e-05
37794.3979 3.44488247899552e-05
37806.40756 3.402449960954748e-05
37818.417220000002 3.462544135921102e-05
37830.42688 3.436366678487282e-05
37842.43654 3.350434397949762e-05
37854.446200000003 3.295214763319463e-05
37866.45586 3.247101740473599e-05
37878.46552 3.12845635045025e-05
37890.475169999998 3.0932726150657936e-05
37902.48483 3.136549334081328e-05
37914.494490000004 3.086510373138788e-05
37926.50415 3.07603272118866e-05
37938.51381 3.1219130882545904e-05
37950.52347 3.142103125782451e-05
37962.533130000002 3.119412159518248e-05
37974.54279 3.210433944733992e-05
37986.55245 3.289387443150576e-05
37998.56211 3.2318949044674714e-05
38010.57177 3.242000014831511e-05
38022.58143 3.2942239152444834e-05
38034.59109 3.3260674550976366e-05
38046.600749999997 3.349280829642756e-05
38058.61041 3.427148745463567e-05
38070.62006 3.366311654397269e-05
38082.62972 3.214043270066757e-05
38094.63938 3.179192988325898e-05
38106.649040000002 3.172724022522623e-05
38118.6587 3.1336707105655434e-05
38130.66836 3.1159819350081026e-05
38142.67802 3.176410394939929e-05
38154.68768 3.13248734246542e-05
38166.69734 3.118214674465736e-05
38178.707 3.2045544735732646e-05
38190.716659999997 3.238357304300094e-05
38202.72632 3.1953017587311345e-05
38214.73598 3.164792897876407e-05
38226.745639999997 3.1763599307152035e-05
38238.755299999996 3.083630879866934e-05
38250.76495 3.0996607781500434e-05
38262.77461 3.191598454501229e-05
38274.78427 3.221430634704661e-05
38286.79393 3.210968232111817e-05
38298.80359 3.253223673730513e-05
38310.81325 3.306674783546464e-05
38322.82291 3.2548890182671595e-05
38334.832569999997 3.290178448979539e-05
38346.84223 3.3371627796532367e-05
38358.85189 3.3277379541547584e-05
38370.86155 3.310939649912793e-05
38382.87121 3.375806663503538e-05
38394.880870000003 3.3826373819661774e-05
38406.89053 3.300378706605085e-05
38418.90019 3.279385949485876e-05
38430.90984 3.2339383486812526e-05
38442.919499999997 3.130690822562931e-05
38454.92916 3.0393761108199833e-05
38466.93882 3.0413323950427178e-05
38478.948479999997 2.9543134588505747e-05
38490.95814 2.8799091610052355e-05
38502.967800000003 2.8801273307328935e-05
38514.97746 2.8938151923731394e-05
38526.98712 2.8667281450758036e-05
38538.996780000003 2.8744037832973606e-05
38551.00644 2.938328019798322e-05
38563.0161 2.909298092050706e-05
38575.02576 2.9289935709961866e-05
38587.03542 3.0048029438312642e-05
38599.04507 3.082820781553802e-05
38611.054730000003 3.074909913052352e-05
38623.06439 3.113214489754784e-05
38635.07405 3.161294437058684e-05
38647.083710000003 3.1245167454619544e-05
38659.09337 3.085626493123255e-05
38671.10303 3.078132389670574e-05
38683.11269 3.060122158760924e-05
38695.12235 2.9859341817490938e-05
38707.13201 2.9818277974093147e-05
38719.14167 2.9603601713085015e-05
38731.151329999998 2.8848775259564023e-05
38743.16099 2.8139066959242753e-05
38755.17065 2.8358296319128714e-05
38767.18031 2.8414737850705345e-05
38779.18996 2.8037639267675582e-05
38791.199620000003 2.808825677040547e-05
38803.20928 2.814094847176348e-05
38815.21894 2.777658910493928e-05
38827.2286 2.74333404844062e-05
38839.23826 2.780739004767081e-05
38851.24792 2.7563535272436733e-05
38863.25758 2.69804777170157e-05
38875.267239999998 2.6656705535175927e-05
38887.2769 2.658635996919699e-05
38899.28656 2.5901421757710016e-05
38911.29622 2.548572511731295e-05
38923.305879999996 2.5442858786454837e-05
38935.31554 2.4797221917142607e-05
38947.3252 2.3743323570906888e-05
38959.33485 2.3054965245636983e-05
38971.34451 2.257305280319687e-05
38983.354169999997 2.142905591297939e-05
38995.36383 2.0555207170177757e-05
39007.37349 2.0075748431731507e-05
39019.383149999998 1.980828923984421e-05
39031.39281 1.9274329394835137e-05
39043.40247 1.9409257262698913e-05
39055.41213 1.9712972448951507e-05
39067.421789999996 1.9593557509935604e-05
39079.431450000004 1.962585344426489e-05
39091.441110000003 2.018675833080691e-05
39103.45077 2.0523535174062425e-05
39115.46043 2.030771454771891e-05
39127.470090000003 2.051631269696865e-05
39139.47974 2.0811297207577106e-05
39151.4894 2.045013940357263e-05
39163.499059999998 2.0005308335602644e-05
39175.508719999996 2.0140665422277274e-05
39187.51838 2.0002294355166902e-05
39199.528040000002 1.9456863716921465e-05
39211.5377 1.8965173251845767e-05
39223.54736 1.8778851791399806e-05
39235.557020000003 1.805645988581436e-05
39247.56668 1.7538211906692003e-05
39259.57634 1.7351016932695006e-05
39271.586000000003 1.716103295670305e-05
39283.59566 1.6288910052113936e-05
39295.60532 1.5782851681700292e-05
39307.61498 1.5730183531791768e-05
39319.624629999996 1.5455376843353377e-05
39331.634290000004 1.5219801681160924e-05
39343.643950000002 1.5524047067633014e-05
39355.65361 1.622711101807841e-05
39367.66327 1.6453786634967146e-05
39379.672930000003 1.7181494572332256e-05
39391.68259 1.805274864058073e-05
39403.69225 1.8613298910530096e-05
39415.70191 1.8624041202159645e-05
39427.71157 1.8693985128361877e-05
39439.72123 1.869870040661424e-05
39451.73089 1.8066145047218037e-05
39463.74055 1.714348961406875e-05
39475.75021 1.6725744818712687e-05
39487.75987 1.610181553868407e-05
39499.76952 1.5355119364653295e-05
39511.77918 1.4951925143797602e-05
39523.788840000003 1.508405763582526e-05
39535.7985 1.4988655082208994e-05
39547.80816 1.4808661865183307e-05
39559.81782 1.502361822020412e-05
39571.82748 1.515226321646015e-05
39583.83714 1.5051826411747437e-05
39595.8468 1.5090637576589095e-05
39607.856459999997 1.5415450005787866e-05
39619.86612 1.5267919172909737e-05
39631.87578 1.4858994837237204e-05
39643.885439999997 1.4797535600253402e-05
39655.895099999996 1.4858207898856763e-05
39667.904760000003 1.4566974653007293e-05
39679.91441 1.4443496254910966e-05
39691.92407 1.4871860316354903e-05
39703.93373 1.538327495140782e-05
39715.94339 1.5281484661717296e-05
39727.95305 1.5236475652395646e-05
39739.96271 1.5271184453480898e-05
39751.972369999997 1.530020896550414e-05
39763.98203 1.514015972886974e-05
39775.99169 1.5195702657684888e-05
39788.001349999997 1.5141513507357214e-05
39800.01101 1.4781479714036326e-05
39812.020670000003 1.4593099567644252e-05
39824.03033 1.4677468629217453e-05
39836.03999 1.4564250869759848e-05
39848.04964 1.4095145465532672e-05
39860.059299999997 1.3686619541841336e-05
39872.06896 1.3723950013998232e-05
39884.07862 1.3475253299381574e-05
39896.088279999997 1.3005345427925682e-05
39908.097939999996 1.2834812412780062e-05
39920.107600000003 1.298840513709343e-05
39932.11726 1.2804277949032556e-05
39944.12692 1.2720122733385385e-05
39956.136580000003 1.286966947624352e-05
39968.14624 1.285217800810549e-05
39980.1559 1.2242037640639553e-05
39992.16556 1.1920123923154412e-05
40004.17522 1.200428258434212e-05
40016.18488 1.2067214083618707e-05
40028.19453 1.2203630836822178e-05
40040.20419 1.2509307990543339e-05
40052.21385 1.2828524634484893e-05
40064.22351 1.2694991882687507e-05
40076.23317 1.265669711545507e-05
40088.24283 1.2809994316860319e-05
40100.25249 1.2886522781017249e-05
40112.26215 1.2546903445782188e-05
40124.27181 1.237914603178349e-05
40136.281469999995 1.2643739907183426e-05
40148.29112999999 1.2959818476913088e-05
40160.30079 1.3034223930752235e-05
40172.31045 1.3159912422435384e-05
40184.32011 1.3257031767483814e-05
40196.329770000006 1.3107926289811818e-05
40208.33942 1.2702284564400763e-05
40220.34908 1.23059203727387e-05
40232.35874 1.1857142080278903e-05
40244.3684 1.0998511250302234e-05
40256.37806 1.0205114207524122e-05
40268.38772 9.801074610913576e-06
40280.39738 9.793374139074288e-06
40292.40704 9.70364264971455e-06
40304.4167 9.594508221524594e-06
40316.42636 9.60666762413949e-06
40328.43602 9.379338413370177e-06
40340.44568 9.287231200628437e-06
40352.45534 9.45305805059292e-06
40364.465 9.708683713055157e-06
40376.47466 9.621796862524628e-06
40388.48431 9.526668201928346e-06
40400.49397000001 9.92090354099482e-06
40412.503630000005 1.0544102027405145e-05
40424.51329 1.1013544087220213e-05
40436.52295 1.12301352853239e-05
40448.53261 1.156438595264688e-05
40460.54227 1.1908377899671318e-05
40472.55193 1.1980736219511841e-05
40484.56159 1.1876375812202751e-05
40496.57125 1.1624898482062885e-05
40508.58091 1.1210366681063174e-05
40520.59057 1.078957868716015e-05
40532.60023 1.0683662609146704e-05
40544.60989 1.0715838853179873e-05
40556.61955 1.081222493962543e-05
40568.6292 1.0866207181347057e-05
40580.63886 1.105701916446232e-05
40592.64852 1.132293371618056e-05
40604.65818 1.141464578213109e-05
40616.66784 1.1386257700728343e-05
40628.6775 1.1412701143455566e-05
40640.68716 1.1530838907033866e-05
40652.69682 1.1224319983646194e-05
40664.70648 1.0692280653837452e-05
40676.71614 1.0175996507570019e-05
40688.7258 9.785104152054889e-06
40700.73546 9.366848767414531e-06
40712.74512 9.008444378961448e-06
40724.75477999999 8.80264348101779e-06
40736.76444 8.574091962302304e-06
40748.77409 8.42448968597146e-06
40760.78375 8.527763388093809e-06
40772.79341 8.945248678848342e-06
40784.803069999995 9.24620781752384e-06
40796.81273 9.339472602570254e-06
40808.82239 9.356055028880219e-06
40820.83205 9.393441473521209e-06
40832.84171 9.226298318433972e-06
40844.85137 8.869885110380143e-06
40856.86103 8.519985064399695e-06
40868.87069 8.311249474122323e-06
40880.88035 8.034409744175057e-06
40892.89001 7.721811547656031e-06
40904.89967 7.43065660420431e-06
40916.90932 7.2703067263072186e-06
40928.918979999995 7.150364418873383e-06
40940.92864 7.148299742035908e-06
40952.9383 7.219121119804931e-06
40964.94796 7.227110006924897e-06
40976.95762 7.210764062827258e-06
40988.96728 7.536635732129334e-06
41000.976940000005 8.02784657509998e-06
41012.9866 8.581765738370064e-06
41024.99626 8.607483072887333e-06
41037.00592 8.568689373634747e-06
41049.01558 8.50601599101954e-06
41061.02524 8.713433336798942e-06
41073.034900000005 8.761990909120164e-06
41085.044559999995 8.70011630685741e-06
41097.05420999999 8.535786065929904e-06
41109.06387 8.21049008118862e-06
41121.07353000001 7.945605541553518e-06
41133.08319 7.780888702170482e-06
41145.092850000005 7.577398585423411e-06
41157.10251 7.087227795121826e-06
41169.11217 6.7520433152400165e-06
41181.12183 6.615666528039171e-06
41193.13149 6.737836371032386e-06
41205.14115 6.874245445284644e-06
41217.150810000005 7.306355602142494e-06
41229.160469999995 7.855543469608807e-06
41241.17013 8.58858279986502e-06
41253.17979 9.183027287789748e-06
41265.18945 9.609118736566954e-06
41277.1991 9.83855330730388e-06
41289.208760000005 9.992138638038895e-06
41301.21841999999 9.833329377351549e-06
41313.22808 9.525832598109971e-06
41325.23774 9.116056432875409e-06
41337.2474 8.828867119135043e-06
41349.25706 8.539247295816961e-06
41361.266720000005 8.242657333767184e-06
41373.276379999995 7.883150298329391e-06
41385.28604 7.625242265404138e-06
41397.2957 7.443236825052547e-06
41409.30536 7.387284377983068e-06
41421.31502 7.456049202186263e-06
41433.32468 7.432003535295849e-06
41445.334339999995 7.4206448406172886e-06
41457.34399 7.367235718890514e-06
41469.35365 7.4994528326660296e-06
41481.36331 7.536837668580407e-06
41493.37297 7.715697055757055e-06
41505.382630000005 7.704825228399937e-06
41517.392289999995 7.672440714194218e-06
41529.40195 7.580901602060348e-06
41541.41160999999 7.60231698156925e-06
41553.42127 7.512481355482246e-06
41565.43093 7.332756992466242e-06
41577.44059 7.024363574419823e-06
41589.45025 6.828717236476167e-06
41601.45991 6.591743210763627e-06
41613.46957 6.34529819306242e-06
41625.47923 6.0654145547747e-06
41637.48888 5.707226766290593e-06
41649.498540000005 5.458841384532045e-06
41661.508199999995 5.250147897168349e-06
41673.51786 5.158758543111966e-06
41685.52751999999 4.90667957993652e-06
41697.53718 4.8601220184742905e-06
41709.54684000001 4.806872613368257e-06
41721.5565 4.865636987074102e-06
41733.56616 4.849096387582571e-06
41745.57582 4.781046859226791e-06
41757.58548 4.734143509276244e-06
41769.59514 4.7550962062097605e-06
41781.6048 4.902232112227672e-06
41793.61446 4.9797396392514395e-06
41805.624120000004 4.982483623642216e-06
41817.63377 4.9872096258758905e-06
41829.64343 5.183312340926963e-06
41841.65309 5.540698729316563e-06
41853.66275000001 5.9436975316284815e-06
41865.67241 6.264415144072446e-06
41877.68207 6.635487686519442e-06
41889.69173 6.888606669713578e-06
41901.70139 7.161504344063107e-06
41913.71105 7.256795137155765e-06
41925.72071 7.298237253490663e-06
41937.73037 7.019316303714386e-06
41949.740030000005 6.6448139563118095e-06
41961.74968999999 6.203911938759754e-06
41973.75935 5.758657373283192e-06
41985.76901 5.596345772054573e-06
41997.77866000001 5.522747701195532e-06
42009.78832 5.575937040248353e-06
42021.79798 5.5961492146611606e-06
42033.80764 5.899601106978682e-06
42045.8173 6.0292008323865006e-06
42057.82696 6.13904997302031e-06
42069.83662 6.058172024008819e-06
42081.84628 5.929389808114591e-06
42093.855940000005 5.601550913810148e-06
42105.86559999999 5.313969114830377e-06
42117.87526 5.47063269749785e-06
42129.88492 5.784440723680141e-06
42141.89458 5.992354156062078e-06
42153.90424 6.192400979435947e-06
42165.91389 6.697067113982761e-06
42177.92354999999 7.193009307980018e-06
42189.93321 7.770105072474242e-06
42201.94287 8.002710371854184e-06
42213.95253 7.804690762431108e-06
42225.96219 7.420003845693965e-06
42237.971850000005 7.21400880178668e-06
42249.98150999999 6.9040304796755245e-06
42261.99117 6.448838788607086e-06
42274.00083 6.255297021720175e-06
42286.01049 6.097084248549926e-06
42298.02015000001 6.160955386997317e-06
42310.02981 6.243630690478438e-06
42322.03947 6.632512407811337e-06
42334.04913 6.818131756556534e-06
42346.05878 6.88171125368734e-06
42358.06844 6.6815798876337535e-06
42370.0781 6.424411245704901e-06
42382.087760000005 6.275938457784453e-06
42394.09741999999 6.038392236255771e-06
42406.10708 5.936052381582187e-06
42418.11673999999 5.941696150998997e-06
42430.1264 6.181066293533801e-06
42442.13606000001 6.333919307006037e-06
42454.14572 6.548721120165472e-06
42466.15538 6.557560092919838e-06
42478.16504 6.484909915665143e-06
42490.1747 6.06932036019017e-06
42502.18436 5.3982162240410665e-06
42514.19402000001 4.5923422635834386e-06
42526.203670000005 4.110439349020341e-06
42538.21332999999 3.9631668505035885e-06
42550.22299 3.7959931712533286e-06
42562.23265 3.856260297973219e-06
42574.24231 4.020085377398842e-06
42586.25197000001 4.393195404022541e-06
42598.26163 4.5262948777708425e-06
42610.27129 4.646723144589275e-06
42622.28095 4.843938873674683e-06
42634.29061 5.0083781998907115e-06
42646.30027 5.203708926594759e-06
42658.30993 5.322915165803721e-06
42670.31959 5.751020541357219e-06
42682.32925 6.136963757174974e-06
42694.33890999999 6.465551452808059e-06
42706.34856 6.431054087650955e-06
42718.35822 6.261590908430403e-06
42730.36788000001 6.04335289657421e-06
42742.37754 5.67951545894083e-06
42754.3872 5.228456513114065e-06
42766.39686 4.643247620305582e-06
42778.40652 4.5869651968320555e-06
42790.41618 4.553960121061487e-06
42802.42584 4.732514433102496e-06
42814.4355 5.07380737850725e-06
42826.44516 5.711113490910275e-06
42838.45481999999 6.152601255131783e-06
42850.46448 6.426528671757349e-06
42862.47414 6.693557357401913e-06
42874.4838 6.861419920382732e-06
42886.49345 7.2199419767963625e-06
42898.50311 7.311914009274023e-06
42910.51276999999 7.050357898488286e-06
42922.52243 6.614403979987168e-06
42934.53209 6.564197444419712e-06
42946.54175 6.425937661784241e-06
42958.55141 6.111087528927974e-06
42970.56107 5.986678582744374e-06
42982.57072999999 5.790127728026947e-06
42994.58039 5.612612466856218e-06
43006.59005000001 5.2659088467508e-06
43018.59971 5.099796131047906e-06
43030.60937000001 5.128546427200363e-06
43042.61903 5.433501597861176e-06
43054.62869 5.339069782864741e-06
43066.63834 4.831572021684252e-06
43078.648 4.853710942689573e-06
43090.65766 4.939737032978776e-06
43102.66732 5.304132752921466e-06
43114.67698 5.44462024092616e-06
43126.68663999999 5.462361519917087e-06
43138.6963 5.298803019214627e-06
43150.70596 5.3583147986906e-06
43162.71562 5.321611300239051e-06
43174.72528000001 4.9001254497627364e-06
43186.73494 4.977648019658213e-06
43198.7446 4.830718395137078e-06
43210.75426 4.661926393067733e-06
43222.76392 4.545028009654373e-06
43234.77357 4.7102939288392254e-06
43246.78323 4.982206910503325e-06
43258.79289 5.028621241252434e-06
43270.80255 5.132530951670161e-06
43282.81221 5.224920814776352e-06
43294.82187 5.692346117879825e-06
43306.83153 5.61617757433309e-06
43318.84119000001 5.353321380109269e-06
43330.85085 5.154850517245026e-06
43342.86051 5.222444401736291e-06
43354.87017 5.536064432598245e-06
43366.87983 5.510884731844355e-06
43378.88949 5.384356775496778e-06
43390.89915 5.280076592965781e-06
43402.90881 5.717527023662625e-06
43414.91846 5.8898407170040625e-06
43426.92812 5.801565500404144e-06
43438.93778 5.9830399106405e-06
43450.94744 6.312979182638709e-06
43462.95710000001 6.7964636321133155e-06
43474.96676 6.966304154713117e-06
43486.97642 7.176650237454455e-06
43498.98608 7.510534492027673e-06
43510.99574 7.87694989832495e-06
43523.0054 8.0240050559202e-06
43535.01506 7.763830463753087e-06
43547.02472 7.814484210335288e-06
43559.03438 7.92227122654355e-06
43571.04403999999 7.985448521469637e-06
43583.0537 7.92928821779336e-06
43595.06335 7.956652471762413e-06
43607.07301000001 8.426573798011428e-06
43619.08267 8.717910285770374e-06
43631.09233 8.757812082740385e-06
43643.10198999999 8.389775129216982e-06
43655.11165 8.315258662638986e-06
43667.12131 8.419138603404853e-06
43679.13097 8.197885422193958e-06
43691.14063 7.671535820560159e-06
43703.15029 6.881524534239929e-06
43715.15994999999 6.67187105881279e-06
43727.16961 6.218742839854611e-06
43739.17927000001 5.793339606798608e-06
43751.18893 5.461315609157932e-06
43763.198590000005 5.491257515971586e-06
43775.20824 5.993958516733905e-06
43787.21789999999 6.244743281045027e-06
43799.22756 6.544518019665612e-06
43811.23722 6.8367031692626735e-06
43823.24688 7.438111156910088e-06
43835.25654 7.4856699781258415e-06
43847.2662 7.134245439614436e-06
43859.27586 6.667353560532975e-06
43871.28552 6.134355545186616e-06
43883.29518 5.941781295272481e-06
43895.30484 5.65843482561689e-06
43907.314500000005 5.298904464659637e-06
43919.324159999995 5.55136034179391e-06
43931.33382 6.2440085737671445e-06
43943.34348 6.729424984076391e-06
43955.35313 6.76765061614123e-06
43967.36279 6.8739498192158155e-06
43979.372450000005 7.426154212587913e-06
43991.38211 8.053806862512885e-06
44003.39177 8.511272595525664e-06
44015.40143 8.496133414511475e-06
44027.41109 8.765572163107983e-06
44039.42075 9.043559089135183e-06
44051.430410000005 9.289388025367905e-06
44063.440069999995 9.358875631428264e-06
44075.44973 9.160934229394085e-06
44087.45939 9.586837559474122e-06
44099.46905 9.799977746974966e-06
44111.47871 9.742872884982915e-06
44123.48837 9.499081683154488e-06
44135.49802 9.651651839480533e-06
44147.50768 9.971680120133572e-06
44159.51734 9.946529761026257e-06
44171.527 9.727655744262394e-06
44183.53666 9.064490779257188e-06
44195.546320000005 8.853088737762286e-06
44207.555979999995 8.71615982658832e-06
44219.56564 8.34917653651305e-06
44231.5753 7.955525266242884e-06
44243.58496 7.806516148002803e-06
44255.59462 8.120428349206044e-06
44267.60428 8.196991243059006e-06
44279.613939999996 8.01523218215158e-06
44291.6236 7.908789416169e-06
44303.63325999999 8.099199020900193e-06
44315.64291 8.567535429358014e-06
44327.65257 8.474699082277243e-06
44339.662230000005 8.196696555867699e-06
44351.671889999995 8.100806352340048e-06
44363.68155 8.320865813302192e-06
44375.69121 8.71635203830909e-06
44387.70087 8.889986208907967e-06
44399.71053 9.099522946189577e-06
44411.72019 9.620691858639363e-06
44423.729849999996 1.0425617156428382e-05
44435.73951 1.112183766929004e-05
44447.74917 1.1430504072104138e-05
44459.75883 1.1917303625279048e-05
44471.76849000001 1.2311855378054962e-05
44483.778140000005 1.2389201169409857e-05
44495.787799999995 1.2162474075479616e-05
44507.79746 1.1602028481676802e-05
44519.80711999999 1.1611497020884238e-05
44531.81678 1.1688645093787508e-05
44543.82644 1.175255540398403e-05
44555.8361 1.1515120985308727e-05
44567.84576 1.1307958958637157e-05
44579.85542 1.1637100405754519e-05
44591.86508 1.1611292677605304e-05
44603.87474 1.129541974491172e-05
44615.88440000001 1.0684753981673016e-05
44627.89406 1.0186934448780226e-05
44639.903720000005 9.772675007120766e-06
44651.913379999995 9.039051229175178e-06
44663.92302999999 8.311473069297081e-06
44675.93269 7.815467324613511e-06
44687.94235000001 7.984905321085908e-06
44699.95201 8.402081543743388e-06
44711.96167 8.337595558874427e-06
44723.97133 8.274875446166447e-06
44735.98099 8.561241430752348e-06
44747.99065 9.31555021005424e-06
44760.00031 9.92167579099743e-06
44772.00997 9.810302686496506e-06
44784.019630000005 9.684032998099522e-06
44796.029289999995 9.945270445206344e-06
44808.03895 1.0574536429457082e-05
44820.04861 1.0971958344412537e-05
44832.05827 1.0852158544899659e-05
44844.06792 1.1134179609120676e-05
44856.077580000004 1.1966818835104051e-05
44868.08724 1.295857668248428e-05
44880.0969 1.3489614592942006e-05
44892.10656 1.3491194426383844e-05
44904.11622 1.3857620230142588e-05
44916.12588 1.4407784676745177e-05
44928.135540000005 1.4782323715105243e-05
44940.145199999995 1.4430842400750307e-05
44952.15486 1.3645696072396104e-05
44964.16452 1.3428653745480767e-05
44976.17418 1.3516746135361257e-05
44988.18384 1.3634556298099374e-05
45000.1935 1.3409553691539746e-05
45012.203159999995 1.3216104192992316e-05
45024.21281 1.3460516570499236e-05
45036.22247 1.3669496300205994e-05
45048.23213 1.3636742559835614e-05
45060.24179 1.3188071419313834e-05
45072.251450000005 1.2807279116292502e-05
45084.261109999995 1.2735704363052543e-05
45096.27077 1.2482145371686043e-05
45108.28043 1.2078175412879606e-05
45120.29009 1.1787612814473622e-05
45132.29975 1.1978513922744082e-05
45144.30941 1.2612643997807025e-05
45156.31907 1.2893597977445555e-05
45168.32873 1.2985370713816803e-05
45180.33839 1.32968215270924e-05
45192.34805 1.403847469185159e-05
45204.3577 1.4984983025823051e-05
45216.367360000005 1.5165128159895834e-05
45228.377019999995 1.503528127924576e-05
45240.38668 1.4938212055558626e-05
45252.39633999999 1.526044375236082e-05
45264.406 1.5693357430545367e-05
45276.41566000001 1.5395366413565566e-05
45288.42532 1.477015379178191e-05
45300.43498 1.4254274567417653e-05
45312.44464 1.4327056813597448e-05
45324.4543 1.436392553692928e-05
45336.46396 1.3909947007174017e-05
45348.47362000001 1.3321679921977168e-05
45360.48328 1.294716850545759e-05
45372.49294 1.2713685503503593e-05
45384.50259 1.2367533807501432e-05
45396.51224999999 1.1830333217830155e-05
45408.52191 1.1471393997902311e-05
45420.53157000001 1.190513784471365e-05
45432.54123 1.260689719767577e-05
45444.55089 1.3201696924335578e-05
45456.56055 1.3531537333355512e-05
45468.57021 1.4234430490793762e-05
45480.57987 1.5568207671684032e-05
45492.58953 1.6697115510789437e-05
45504.59919 1.7362574277375407e-05
45516.60885 1.7357708236011416e-05
45528.61850999999 1.7485745656962878e-05
45540.62817 1.8000382156305875e-05
45552.63782 1.8217231839487727e-05
45564.64748000001 1.7991783523939324e-05
45576.65714 1.745097065924961e-05
45588.6668 1.7276550963292268e-05
45600.67646 1.7601810872020167e-05
45612.68612 1.756892949047542e-05
45624.69578 1.7387651561290898e-05
45636.70544 1.7177995223068827e-05
45648.7151 1.7426607902381088e-05
45660.72476 1.798488073770264e-05
45672.73441999999 1.813932941935871e-05
45684.74408 1.783073333629866e-05
45696.75374 1.731452212656944e-05
45708.7634 1.7104792564873686e-05
45720.77306 1.6776911910401924e-05
45732.78271 1.5952899809144013e-05
45744.79236999999 1.4862902158807316e-05
45756.80203 1.4210500155341654e-05
45768.81169 1.4281892481905292e-05
45780.82135 1.4628731811855116e-05
45792.83101 1.4609674725153943e-05
45804.84067 1.4357438818945341e-05
45816.85032999999 1.4502485768685216e-05
45828.85999 1.499811437548204e-05
45840.86965 1.545050767414486e-05
45852.87931 1.527940940863754e-05
45864.88897000001 1.461914241278265e-05
45876.89863 1.4280228161633955e-05
45888.90829 1.4676675638746393e-05
45900.91795 1.526032592785783e-05
45912.9276 1.5485346818681973e-05
45924.93726 1.5516781690265046e-05
45936.94692 1.5857075351147167e-05
45948.95658 1.636941079308006e-05
45960.96623999999 1.6498852996353923e-05
45972.9759 1.6139082469827556e-05
45984.98555999999 1.5407317031410594e-05
45996.99522 1.5110614508909012e-05
46009.00488000001 1.5352040841165825e-05
46021.01454 1.5421154181728017e-05
46033.0242 1.5304050594375262e-05
46045.03386 1.5340973876276272e-05
46057.04352 1.608522102398882e-05
46069.05318 1.7328124795675866e-05
46081.06284000001 1.8102311027116975e-05
46093.07249 1.829885647598402e-05
46105.08214999999 1.8133388886868987e-05
46117.09181 1.8262978134647296e-05
46129.10147 1.8481098703397067e-05
46141.11113 1.8049990019114035e-05
46153.12079000001 1.7064272560034693e-05
46165.13045 1.5911149862942535e-05
46177.14011 1.535044117362478e-05
46189.14977 1.5235185028706307e-05
46201.15943 1.5128367837204785e-05
46213.16909 1.4979947434704682e-05
46225.17875 1.5187111785690739e-05
46237.18841 1.6123929250377785e-05
46249.19807 1.7121390914031252e-05
46261.20772999999 1.751591917468994e-05
46273.21738 1.7259044512215134e-05
46285.22704 1.6911075662331612e-05
46297.23670000001 1.6777533600846667e-05
46309.24636 1.658849177425571e-05
46321.25602 1.5950206605230057e-05
46333.26568 1.4985824389556335e-05
46345.27534 1.44961928112356e-05
46357.285 1.4945365280174618e-05
46369.29466 1.578814505816187e-05
46381.30432 1.6455225678589207e-05
46393.31398 1.685313523157193e-05
46405.32363999999 1.7448345714007863e-05
46417.3333 1.844646226729624e-05
46429.34296 1.92895239445222e-05
46441.35262 1.951924588960906e-05
46453.36227 1.9180656049594e-05
46465.37193 1.895435340342834e-05
46477.38159 1.921148409542979e-05
46489.39125 1.9588521865824388e-05
46501.40091 1.9653149034354654e-05
46513.41057 1.9399181463798115e-05
46525.42023 1.9421795133364007e-05
46537.42989 1.994874194759784e-05
46549.43954999999 2.051899542255363e-05
46561.44921 2.063391840158543e-05
46573.45887 2.0196702760928567e-05
46585.46853 1.9667466419660608e-05
46597.47819000001 1.929860613056094e-05
46609.487849999995 1.8862359494755873e-05
46621.49751 1.7932914462171406e-05
46633.50716 1.6716645231952886e-05
46645.51682 1.5794278173306524e-05
46657.52648 1.556598192060504e-05
46669.53614 1.5661845707570588e-05
46681.5458 1.560598103446923e-05
46693.55545999999 1.5436694645117566e-05
46705.56512 1.570400132139807e-05
46717.57478000001 1.6713747655044786e-05
46729.58444 1.7896417031213124e-05
46741.59410000001 1.871377607103777e-05
46753.603759999995 1.9044675355661324e-05
46765.61342 1.9393664746262463e-05
46777.62308 2.01835268462532e-05
46789.63274 2.0754805309054967e-05
46801.64239 2.0611236975740304e-05
46813.65205 1.9774089905306843e-05
46825.66171 1.893330709120106e-05
46837.67137 1.862870370500545e-05
46849.68103 1.8529058617562252e-05
46861.69069 1.810788445247697e-05
46873.70035 1.7183770102799897e-05
46885.71001000001 1.657742173245883e-05
46897.719669999995 1.672962198038879e-05
46909.72933 1.7457129707790152e-05
46921.73899 1.8018554117978708e-05
46933.74865 1.8035987038577732e-05
46945.75831 1.794239785994269e-05
46957.76797000001 1.8182198254753526e-05
46969.77763 1.8811396396781847e-05
46981.78728 1.9252771166804366e-05
46993.79694 1.919047467886058e-05
47005.8066 1.9087410351964243e-05
47017.81626 1.9338346218305385e-05
47029.82592000001 2.0089210993525965e-05
47041.835579999995 2.053416333204829e-05
47053.84524 2.043571749152733e-05
47065.8549 2.016611656057227e-05
47077.86456 2.020686477827373e-05
47089.87422 2.0483517874663556e-05
47101.88388 2.0412431253969242e-05
47113.89354 1.9791027718193728e-05
47125.9032 1.879890657195553e-05
47137.91285999999 1.8375858048501367e-05
47149.92252 1.8460912957519956e-05
47161.93217 1.8685770101678026e-05
47173.94183000001 1.8609152880141527e-05
47185.951489999995 1.8308378051863277e-05
47197.96115 1.8470815260616443e-05
47209.97081 1.90939439766582e-05
47221.98047 1.967074984607438e-05
47233.99013 1.9780232988135668e-05
47245.99979 1.9390310434500574e-05
47258.00945 1.905945116472124e-05
47270.01911 1.9246873327657616e-05
47282.02876999999 1.9394432835550277e-05
47294.03843 1.9150245213468394e-05
47306.04809000001 1.8535869641293403e-05
47318.05775 1.806509074929325e-05
47330.067410000005 1.8345873940399484e-05
47342.07706 1.9114385361990155e-05
47354.08671999999 1.9734461079459733e-05
47366.09638 1.99688475533092e-05
47378.10604 2.0298461291399587e-05
47390.1157 2.105433252587831e-05
47402.12536 2.2126036063588044e-05
47414.13502 2.2723380745179284e-05
47426.14468 2.2519929245134933e-05
47438.15434 2.183813112995097e-05
47450.16400000001 2.1145057228487027e-05
47462.17366 2.0826948827166274e-05
47474.183320000005 2.0240017342784363e-05
47486.192979999995 1.921323062720501e-05
47498.20264 1.8251146072042305e-05
47510.2123 1.7849594229199146e-05
47522.22195 1.8192116810364947e-05
47534.23161 1.8951421312361302e-05
47546.241270000005 1.939091162037223e-05
47558.25093 1.9401652735590445e-05
47570.26059 1.9606514108281562e-05
47582.27025 1.996140631574312e-05
47594.27991 2.027648016585809e-05
47606.28957 1.9881657757490413e-05
47618.299230000005 1.8963408016983397e-05
47630.308889999995 1.8159583619851638e-05
47642.31855 1.785386844135653e-05
47654.32821 1.7906663304478022e-05
47666.33787 1.8050836743908426e-05
47678.34753 1.7914212885362958e-05
47690.35719000001 1.769604081479504e-05
47702.36684 1.8154525217166314e-05
47714.3765 1.883143780639641e-05
47726.38616 1.9355107724214633e-05
47738.39582 1.9399791279665904e-05
47750.40548 1.912325726890503e-05
47762.415140000005 1.9098144063711257e-05
47774.424799999995 1.9568350846021153e-05
47786.43446 1.999550797716105e-05
47798.44412 2.002736195425264e-05
47810.45378 1.9669543411713987e-05
47822.46344 1.9317107683259243e-05
47834.4731 1.9442501541749647e-05
47846.482759999995 1.9610808139806922e-05
47858.49242 1.943121676670052e-05
47870.50207 1.8836473444185478e-05
47882.51173 1.818742515560567e-05
47894.52139 1.8008968545959517e-05
47906.531050000005 1.820394026432293e-05
47918.540709999995 1.802208133096918e-05
47930.55037 1.736562616337044e-05
47942.56003 1.656141330526749e-05
47954.56969 1.597151789321875e-05
47966.57935 1.5924263534683644e-05
47978.58901 1.5837907796466075e-05
47990.598669999995 1.539188404923055e-05
48002.60833 1.4795817772707173e-05
48014.61799 1.4473772302102128e-05
48026.62765 1.4569969998238628e-05
48038.63731000001 1.5182999723592477e-05
48050.646960000005 1.5481912636782396e-05
48062.656619999995 1.5393157030483668e-05
48074.66628 1.559604922411638e-05
48086.67593999999 1.6175912297197554e-05
48098.6856 1.7136270290262628e-05
48110.69526 1.8003215708323555e-05
48122.70492 1.8459217855564765e-05
48134.71458 1.8565452498698792e-05
48146.72424 1.888609607231477e-05
48158.7339 1.927924715438411e-05
48170.74356 1.968961280808202e-05
48182.75322000001 1.933264572734851e-05
48194.76288 1.8411686599298545e-05
48206.772540000005 1.77381851443867e-05
48218.78219999999 1.7433916633654692e-05
48230.79184999999 1.720925811754528e-05
48242.80151 1.6821555829347918e-05
48254.81117000001 1.6128712082594586e-05
48266.82083 1.5254921770142377e-05
48278.83049 1.510751968971764e-05
48290.84015 1.5211659248375088e-05
48302.84981 1.5191009989180199e-05
48314.85947 1.4921913457036785e-05
48326.86913 1.4494700864357948e-05
48338.87879 1.4435616321894099e-05
48350.888450000005 1.5077675347750059e-05
48362.89810999999 1.5673926016992803e-05
48374.90777 1.5995442715870486e-05
48386.91743 1.6140132157842017e-05
48398.92709 1.6281911035140426e-05
48410.93674 1.6834281674484408e-05
48422.9464 1.7458297130736107e-05
48434.95606 1.761775446552265e-05
48446.96572 1.7057727565143803e-05
48458.97538 1.62623788724212e-05
48470.98504 1.55365057214563e-05
48482.9947 1.5202889934620143e-05
48495.004360000005 1.4812436996801356e-05
48507.01401999999 1.392017448430469e-05
48519.02368 1.295055335736628e-05
48531.03334 1.2121857571042293e-05
48543.043 1.193817884912342e-05
48555.05266 1.241410222985604e-05
48567.062320000005 1.285555708968705e-05
48579.071979999995 1.3094374984219129e-05
48591.08163 1.3514227761045453e-05
48603.09129 1.4318024824339708e-05
48615.10095 1.5512687173586977e-05
48627.11061 1.683782819695544e-05
48639.120270000005 1.7532164035301707e-05
48651.12992999999 1.7722533670221805e-05
48663.13959 1.794253716238313e-05
48675.14925 1.8305492405342305e-05
48687.15891 1.8776870483568254e-05
48699.16857 1.8862082034369417e-05
48711.17823 1.8457404874293464e-05
48723.187889999995 1.799911510048554e-05
48735.19755 1.791370136130789e-05
48747.20721 1.793009198010021e-05
48759.21687 1.7915529132141427e-05
48771.22652 1.730515939995953e-05
48783.236180000005 1.6196533218466636e-05
48795.24583999999 1.5515622380471185e-05
48807.2555 1.5357861103231514e-05
48819.26516 1.5199025983381289e-05
48831.27482 1.4847567572329127e-05
48843.28448 1.4192162881101802e-05
48855.29414 1.344461408743812e-05
48867.3038 1.3321112980152221e-05
48879.31346 1.3587445181157355e-05
48891.32312 1.3705252153038638e-05
48903.33278 1.3458574256869234e-05
48915.34244000001 1.3034505285881296e-05
48927.3521 1.2696672272892308e-05
48939.361749999994 1.2810172232283697e-05
48951.37141 1.2988223806456042e-05
48963.38106999999 1.2801161484486636e-05
48975.39073 1.2307953227474868e-05
48987.40039000001 1.166037264488588e-05
48999.41005 1.1235979876314193e-05
49011.41971 1.1327958647893263e-05
49023.42937 1.138855373949256e-05
49035.43903 1.1214211435509349e-05
49047.44869 1.0972678666661924e-05
49059.45835000001 1.0839750453060794e-05
49071.46801 1.1058837627134286e-05
49083.47767 1.16095788497602e-05
49095.48732999999 1.2005653168067246e-05
49107.49699 1.2103333237700354e-05
49119.50664 1.2374094987384932e-05
49131.51630000001 1.2883122710702765e-05
49143.52596 1.3660904240851641e-05
49155.53562 1.4686671303897561e-05
49167.54528 1.5163365011702438e-05
49179.55494 1.518007459913303e-05
49191.5646 1.5186699764584704e-05
49203.57426 1.522137242340356e-05
49215.58392 1.5308760401042727e-05
49227.59358 1.5263927526353912e-05
49239.60323999999 1.4762321583380304e-05
49251.6129 1.3989652103267592e-05
49263.62256 1.3650188021331277e-05
49275.63222 1.3632664676356402e-05
49287.64188 1.3731576589058208e-05
49299.65153 1.37384674149558e-05
49311.66119 1.3472642544783984e-05
49323.67085 1.3305841893851956e-05
49335.68051 1.3754179706075022e-05
49347.69017 1.4490347266504149e-05
49359.69983 1.519794476893743e-05
49371.70949 1.5568904204055916e-05
49383.71914999999 1.5523849814382737e-05
49395.72881 1.5476253968063592e-05
49407.73847 1.566960287874957e-05
49419.74813 1.578120353963976e-05
49431.75779 1.5494469783060127e-05
49443.76745 1.4625823405340627e-05
49455.77711 1.3516079925338079e-05
49467.78677 1.2668241489971318e-05
49479.79642 1.227777311527956e-05
49491.80608 1.2034281272159398e-05
49503.81574 1.1766797200660615e-05
49515.8254 1.151937965196969e-05
49527.83505999999 1.1343896634336344e-05
49539.84472 1.176244001685834e-05
49551.85438 1.264439519121277e-05
49563.86404 1.3238926010360164e-05
49575.87370000001 1.3444474948309621e-05
49587.88336 1.3159246520092738e-05
49599.89302 1.2596323094891742e-05
49611.90268 1.2073183160367313e-05
49623.91234 1.1764306167015285e-05
49635.922 1.1051415093520765e-05
49647.93166000001 9.935042626350385e-06
49659.94131 9.066821103745609e-06
49671.95096999999 8.458508124025406e-06
49683.96063 8.357951727349595e-06
49695.97029 8.61288963606192e-06
49707.97995 8.589124923551015e-06
49719.98961000001 8.233620355093992e-06
49731.99927 8.119130604245644e-06
49744.00893 8.205817634033938e-06
49756.01859 8.444972179806107e-06
49768.02825 8.881561420727916e-06
49780.03791 8.968530386238321e-06
49792.04757000001 8.739224511647035e-06
49804.05723 8.815999974352633e-06
49816.06689 9.151972348934938e-06
49828.07654999999 9.563248821950435e-06
49840.0862 9.991974372453715e-06
49852.09586 9.977391830948377e-06
49864.10552000001 9.53077331631383e-06
49876.11518 9.205516382150868e-06
49888.12484 9.057466512681851e-06
49900.1345 8.846693395849708e-06
49912.14416 8.538029490261455e-06
49924.15382 8.013126474058527e-06
49936.16348 7.345156982158317e-06
49948.17314 7.090689757083061e-06
49960.1828 7.4683877544026665e-06
49972.19245999999 7.906308196841969e-06
49984.20212 8.218118432095756e-06
49996.21178 8.193114858487905e-06
50008.22144 8.037053340942792e-06
50020.23109 8.213426924024469e-06
50032.24075 8.7994876273992e-06
50044.25041 9.235122865355831e-06
50056.26007 9.23275641617182e-06
50068.26973 8.961359303747123e-06
50080.27939 8.602547640224498e-06
50092.28905 8.630915279488438e-06
50104.29871 8.939256376756102e-06
50116.30836999999 8.990827404683258e-06
50128.31803 8.660139534828873e-06
50140.32769 8.30707850077813e-06
50152.33735 8.003003619540907e-06
50164.347010000006 8.20978131480698e-06
50176.356669999995 8.841403509922653e-06
50188.36631999999 9.109969392887057e-06
50200.37598 9.086196916408652e-06
50212.38564 9.050796712155104e-06
50224.3953 9.03644470497299e-06
50236.40496 9.156644173726273e-06
50248.41462 9.45544742150439e-06
50260.42427999999 9.5294602875698e-06
50272.43394 9.20683996612503e-06
50284.44360000001 9.076736877744243e-06
50296.45326 8.973543261864507e-06
50308.462920000006 8.91111533237109e-06
50320.472579999995 8.8766406328946e-06
50332.48224 8.536994497213825e-06
50344.4919 7.832667755539527e-06
50356.50156 7.151187392686008e-06
50368.51121 6.685122489051802e-06
50380.52087 6.438542356252323e-06
50392.53053 6.408071186523269e-06
50404.54019 6.282286443141682e-06
50416.54985 6.0577659380484864e-06
50428.55951 6.0620162370695915e-06
50440.56917 6.2860635665425e-06
50452.578830000006 6.557172126910625e-06
50464.588489999995 6.8018226026822235e-06
50476.59815 7.02770476633543e-06
50488.60781 7.025414757882126e-06
50500.61747 7.159128936527937e-06
50512.62713 7.572121608743014e-06
50524.63679000001 8.137635894105176e-06
50536.64645 8.666316831740497e-06
50548.6561 9.057785107781816e-06
50560.66576 9.15343207323428e-06
50572.67542 9.054854598169568e-06
50584.68508 9.135523451400897e-06
50596.694740000006 9.256412851421912e-06
50608.704399999995 9.125786714882787e-06
50620.71406 8.759634826075248e-06
50632.72372 8.260749783933507e-06
50644.73338 7.83677800175616e-06
50656.74304 7.85943842977872e-06
50668.7527 8.308137065343332e-06
50680.76236 8.591547630381942e-06
50692.77202 8.734480278718124e-06
50704.78167999999 8.667507658908934e-06
50716.79134 8.514603743426846e-06
50728.80099 8.526148394629547e-06
50740.81065000001 8.69795396867622e-06
50752.820309999995 8.553567883217207e-06
50764.82997 7.991892679988426e-06
50776.83963 7.389467285140171e-06
50788.84929 6.795569971313242e-06
50800.85895 6.515061047271505e-06
50812.86861 6.545154509036364e-06
50824.87827 6.559385158419708e-06
50836.88793 6.391853400966644e-06
50848.89758999999 6.276087152237352e-06
50860.90725 6.222478734095865e-06
50872.91691000001 6.3055456796400946e-06
50884.92657 6.501182881444697e-06
50896.936230000005 6.7013957049938055e-06
50908.94588 6.6710655146088655e-06
50920.95554 6.568242403098071e-06
50932.9652 6.526597523782226e-06
50944.97486 6.6183126246517765e-06
50956.98452 6.825374589990984e-06
50968.99418 7.189560036400119e-06
50981.00384 7.283881173024314e-06
50993.01349999999 7.211930387194665e-06
