20004.663860000003 1.1102774759505503e-10
20026.10509 8.751898742720774e-11
20047.54632 6.887814147926196e-11
20068.98754 5.3991219230365844e-11
20090.42877 4.2920065198543824e-11
20111.86999 3.3952746651232496e-11
20133.31122 2.6988731479402308e-11
20154.75245 2.170853010090371e-11
20176.19367 1.7244150217420458e-11
20197.6349 1.3804049903010922e-11
20219.07612 1.1454791934955742e-11
20240.51735 9.422241513261808e-12
20261.95858 7.872993759042986e-12
20283.3998 6.797927784602161e-12
20304.84103 6.028199491383177e-12
20326.28225 5.387098591871916e-12
20347.72348 4.803376282180622e-12
20369.16471 4.358557520514876e-12
20390.60593 3.847370821988571e-12
20412.047159999998 3.558657736096959e-12
20433.48838 3.294979072978868e-12
20454.92961 2.966491895956249e-12
20476.370839999998 2.710520140756381e-12
20497.81206 2.622256514562461e-12
20519.253290000004 2.664185633564914e-12
20540.694509999997 2.8196416743311425e-12
20562.13574 3.1223647703959535e-12
20583.57697 3.6122371169419356e-12
20605.01819 4.074369706091938e-12
20626.45942 4.352409835752497e-12
20647.90064 4.571713799409748e-12
20669.341869999998 4.7041616013470626e-12
20690.7831 4.617476688361355e-12
20712.22432 4.572891086918729e-12
20733.66555 5.127758667022947e-12
20755.10677 5.859226742003193e-12
20776.548 7.062428948930819e-12
20797.98923 8.914072297913114e-12
20819.43045 1.1105792336981787e-11
20840.87168 1.3459406387289035e-11
20862.3129 1.5478356434519997e-11
20883.75413 1.860169696872455e-11
20905.19536 2.2041909443263468e-11
20926.636579999998 2.530546035036865e-11
20948.07781 3.046869850648334e-11
20969.519030000003 3.699304545768701e-11
20990.960260000002 4.408586863752682e-11
21012.40149 5.2886888383394166e-11
21033.84271 6.764916956215592e-11
21055.28394 8.83570453071032e-11
21076.72516 1.0987228261772857e-10
21098.16639 1.377659615592905e-10
21119.607620000003 1.7152238986111138e-10
21141.04884 1.9612498074006562e-10
21162.49007 2.0310826360542763e-10
21183.93129 1.9559435266674394e-10
21205.37252 1.8207521909640094e-10
21226.81375 1.6480344395947925e-10
21248.25497 1.481645185455604e-10
21269.696199999997 1.346858110694685e-10
21291.13742 1.2388922204479545e-10
21312.578650000003 1.139221711038353e-10
21334.01988 1.097029319023398e-10
21355.461100000004 1.1213417751825288e-10
21376.90233 1.1197146890433769e-10
21398.34355 1.0725682439097023e-10
21419.78478 1.0143327247543207e-10
21441.22601 9.693192963534437e-11
21462.66723 8.898509259556097e-11
21484.108460000004 8.169393483097316e-11
21505.54968 8.129978479297024e-11
21526.99091 8.685154846867233e-11
21548.43214 9.443076734690806e-11
21569.873360000003 1.0242083600172936e-10
21591.31459 1.1463668569815137e-10
21612.75581 1.298604887047351e-10
21634.19704 1.343810717520657e-10
21655.63827 1.2640163245979776e-10
21677.07949 1.1105586926253778e-10
21698.520720000003 9.807937685346442e-11
21719.961939999997 9.156240441672255e-11
21741.40317 8.835069423490977e-11
21762.8444 9.174256013135807e-11
21784.28562 9.790308646370333e-11
21805.72685 1.0462457153792525e-10
21827.16807 1.1478359766655743e-10
21848.609299999997 1.335787912371393e-10
21870.05053 1.5229948240394438e-10
21891.49175 1.6159071096516203e-10
21912.93298 1.699923417930887e-10
21934.374200000004 1.900019688703961e-10
21955.81543 2.1238188625050155e-10
21977.256659999997 2.2432809208382938e-10
21998.69788 2.3249360903595723e-10
22020.13911 2.7502406272680455e-10
22041.58033 3.564964293238166e-10
22063.02156 4.5939886184579333e-10
22084.46279 5.873113065041209e-10
22105.90401 7.470405972878802e-10
22127.34524 9.478669228796776e-10
22148.786460000003 1.1530384697775329e-09
22170.22769 1.4031841354662625e-09
22191.66892 1.750602057451807e-09
22213.11014 2.3016238487281165e-09
22234.551369999997 2.9414556506181646e-09
22255.99259 3.5320883453946325e-09
22277.433820000003 4.200621357363129e-09
22298.87505 4.741136420384322e-09
22320.31627 5.07943106761518e-09
22341.7575 5.2454245024125645e-09
22363.19872 5.586252749104299e-09
22384.63995 5.9252716900515326e-09
22406.08118 6.20181754507258e-09
22427.522399999997 6.678697954489081e-09
22448.963629999996 7.895931577818697e-09
22470.40485 1.0020132833892206e-08
22491.84608 1.250019812636952e-08
22513.28731 1.5557110843582678e-08
22534.728530000003 1.9110416774088843e-08
22556.169759999998 2.3250792186694966e-08
22577.61098 2.726776425218578e-08
22599.05221 3.112675530665258e-08
22620.493440000002 3.4684554642007225e-08
22641.93466 3.9046229574576576e-08
22663.375890000004 4.287537573740299e-08
22684.817109999997 4.328732292400131e-08
22706.25834 4.27726171508326e-08
22727.69957 4.4562077684336725e-08
22749.14079 4.794390897237154e-08
22770.58202 4.946855900333765e-08
22792.02324 5.098232264602603e-08
22813.464469999998 5.322806405274232e-08
22834.9057 5.615079516217975e-08
22856.34692 5.999046071154388e-08
22877.788150000002 6.133373742150164e-08
22899.229369999996 6.224212772628315e-08
22920.6706 6.580208575712658e-08
22942.11183 7.041990123392755e-08
22963.55305 7.267525023320047e-08
22984.99428 7.49722378511876e-08
23006.435499999998 8.948780734362139e-08
23027.876729999996 1.1216734354792711e-07
23049.31796 1.3898452837609619e-07
23070.75918 1.7216839856666448e-07
23092.20041 2.1838375052722287e-07
23113.641630000004 2.8907389561004306e-07
23135.082860000002 3.7564979441682115e-07
23156.524089999997 4.775492746558232e-07
23177.96531 6.163742242632844e-07
23199.40654 8.087148766131715e-07
23220.84776 1.0608378018133309e-06
23242.288990000004 1.2826197832527905e-06
23263.730220000003 1.4632281908632551e-06
23285.17144 1.6590713537780134e-06
23306.61267 1.9464178860651644e-06
23328.053890000002 2.1630665777222547e-06
23349.49512 2.2316528300234962e-06
23370.93635 2.3327872037375304e-06
23392.37757 2.3617586061441243e-06
23413.818799999997 2.2966575591476796e-06
23435.26002 2.1050742445558193e-06
23456.701250000003 1.9879393101625983e-06
23478.14248 1.9964342715959707e-06
23499.5837 2.2252433338502524e-06
23521.02493 2.5486727764921204e-06
23542.46615 2.765836617493575e-06
23563.90738 2.851876165345064e-06
23585.34861 2.97458795122666e-06
23606.789829999997 3.0936845036230913e-06
23628.23106 2.9064574471354096e-06
23649.67228 2.5871512811537146e-06
23671.11351 2.418626441832738e-06
23692.55474 2.414980575007356e-06
23713.995960000003 2.3159037506238613e-06
23735.437189999997 2.2120525428809655e-06
23756.87841 2.308019090036316e-06
23778.31964 2.5688740912405457e-06
23799.76087 2.9728424427147215e-06
23821.20209 3.456364764021378e-06
23842.643320000003 3.7688224788871237e-06
23864.084539999997 3.8662559488297895e-06
23885.52577 3.852557678206371e-06
23906.967 4.007927551174667e-06
23928.40822 4.194693445854512e-06
23949.84945 4.1779072632850054e-06
23971.29067 4.323292492980183e-06
23992.731899999997 4.651820303839401e-06
24014.17313 4.81605257277228e-06
24035.61435 4.686824278903051e-06
24057.05558 4.4746499597044536e-06
24078.4968 4.3994218475016755e-06
24099.93803 4.330516831801443e-06
24121.379259999998 4.1570278623451674e-06
24142.82048 3.975495912972261e-06
24164.26171 3.732595386522435e-06
24185.70293 3.436542898805422e-06
24207.144159999996 3.3685269656377924e-06
24228.58539 3.391601451717191e-06
24250.02661 3.228427277752903e-06
24271.46784 2.987684489079757e-06
24292.909060000003 3.134622257328771e-06
24314.35029 3.764695687879362e-06
24335.791519999996 4.148512391620389e-06
24357.23274 4.293657859573831e-06
24378.673969999998 4.371054885949901e-06
24400.11519 4.370312258804071e-06
24421.556420000003 4.2273305687817675e-06
24442.997650000002 3.82395474878693e-06
24464.43887 3.5491536725797215e-06
24485.8801 3.397990328289636e-06
24507.32132 3.3359437750870773e-06
24528.76255 3.6232887257449085e-06
24550.20378 4.118792337104367e-06
24571.644999999998 4.572696838823719e-06
24593.08623 4.883553460628232e-06
24614.52745 5.336176357083474e-06
24635.96868 5.922053870260612e-06
24657.40991 5.905581699158292e-06
24678.85113 5.533762348159784e-06
24700.29236 5.156017240844729e-06
24721.73358 4.9718321909737724e-06
24743.17481 4.759582474057586e-06
24764.616040000003 4.3608577993643774e-06
24786.057259999996 4.187960106884151e-06
24807.49849 4.057940665668268e-06
24828.939709999998 3.910122736910912e-06
24850.38094 3.767301106744984e-06
24871.82217 3.7043780063607493e-06
24893.26339 3.4610116783947836e-06
24914.70462 3.0335263739968143e-06
24936.14584 2.6543673262447864e-06
24957.58707 2.4406320635251383e-06
24979.0283 3.3939533335876258e-06
25000.46952 4.2290520366609194e-06
25021.910750000003 5.563621083936509e-06
25038.318559999997 7.292156878406209e-06
25051.83087 8.69836162343371e-06
25065.34319 9.932245495388447e-06
25078.8555 1.0741556686933246e-05
25092.36782 1.1937136923500388e-05
25105.88013 1.1975865580464405e-05
25119.39244 1.1934931787778652e-05
25132.904760000003 1.208691504628181e-05
25146.41707 1.2174666279459084e-05
25159.92939 1.2093776910165528e-05
25173.4417 1.1910320484960716e-05
25186.954019999996 1.2447931292467203e-05
25200.466329999998 1.262270132771824e-05
25213.97865 1.2526430068601286e-05
25227.49096 1.236276964955697e-05
25241.00327 1.2632947522043877e-05
25254.51559 1.2239686835090134e-05
25268.0279 1.1956301713982852e-05
25281.540220000003 1.2384258852826411e-05
25295.05253 1.262864827834086e-05
25308.564849999997 1.2535510874105912e-05
25322.07716 1.2849211364856426e-05
25335.58948 1.3559058806863693e-05
25349.10179 1.3370006930142164e-05
25362.614100000003 1.3260666393810937e-05
25376.12642 1.3645598612859582e-05
25389.63873 1.3859473872856225e-05
25403.151050000004 1.4121701215278762e-05
25416.663359999996 1.4416512236127052e-05
25430.175680000002 1.4754839987091226e-05
25443.68799 1.4884879665149667e-05
25457.2003 1.5125453614475245e-05
25470.71262 1.58790032626216e-05
25484.22493 1.6402433988881775e-05
25497.73725 1.6217369449742626e-05
25511.24956 1.6210088266304814e-05
25524.76188 1.6597736929374542e-05
25538.27419 1.6401244246892962e-05
25551.786510000003 1.6026392896956484e-05
25565.29882 1.573166876622471e-05
25578.81113 1.4884577030104795e-05
25592.32345 1.465459145383025e-05
25605.83576 1.4655815711740407e-05
25619.34808 1.421407774434098e-05
25632.860390000003 1.3722272524451878e-05
25646.37271 1.342346997547625e-05
25659.88502 1.3561874071671181e-05
25673.39733 1.3988615373790369e-05
25686.909649999996 1.450933141315641e-05
25700.421959999997 1.4419526624994904e-05
25713.93428 1.4729063911596036e-05
25727.44659 1.526710514207501e-05
25740.95891 1.5538046515543552e-05
25754.47122 1.6118768018845668e-05
25767.98354 1.5885427658771407e-05
25781.495850000002 1.558933679864211e-05
25795.008160000004 1.593059822957239e-05
25808.52048 1.6322729470326863e-05
25822.03279 1.6494822681508442e-05
25835.54511 1.638163932853502e-05
25849.05742 1.6354420077029964e-05
25862.56974 1.575131574841625e-05
25876.08205 1.556078036120827e-05
25889.59437 1.534935818805183e-05
25903.10668 1.4692258467217946e-05
25916.61899 1.4232594814701517e-05
25930.13131 1.3379576497705822e-05
25943.64362 1.2113813441299735e-05
25957.155939999996 1.0640100745396707e-05
25970.668249999997 1.0158026453416562e-05
25984.18057 9.754432204952798e-06
25997.69288 8.97922892771475e-06
26011.20519 8.282093332626207e-06
26024.71751 7.32995723231391e-06
26038.22982 7.0113659384689355e-06
26051.742140000003 6.918587597434895e-06
26065.254450000004 7.168507406594297e-06
26078.76677 6.858404638960231e-06
26092.27908 6.384261595704905e-06
26105.7914 6.55410028683351e-06
26119.30371 6.436752945425035e-06
26132.81602 6.050391812616963e-06
26146.32834 5.571172853826112e-06
26159.84065 5.519599356188646e-06
26173.35297 5.279508002528543e-06
26186.86528 5.7548958967996754e-06
26200.3776 6.244773649064403e-06
26213.88991 6.092303001978211e-06
26227.40222 6.139346910248472e-06
26240.914539999998 6.833779816204396e-06
26254.42685 7.26854234368328e-06
26267.93917 7.372196413177241e-06
26281.45148 7.726609759346263e-06
26294.9638 7.616962535739262e-06
26308.47611 7.398640260248714e-06
26321.988430000003 7.285628951361323e-06
26335.500740000004 7.089058031710589e-06
26349.01305 6.716969842235655e-06
26362.52537 6.5131043615797276e-06
26376.03768 6.476756899683394e-06
26389.549999999997 6.379296162137613e-06
26403.06231 6.034499852664166e-06
26416.57463 5.793402940140163e-06
26430.08694 5.628770877921176e-06
26443.599250000003 5.522555103870793e-06
26457.11157 5.446474226853204e-06
26470.623879999997 5.34105017028257e-06
26484.1362 5.162325338354485e-06
26497.64851 5.085924011867382e-06
26511.16083 4.993400752052294e-06
26524.67314 4.804517769481139e-06
26538.18546 4.678293589972451e-06
26551.697770000002 4.572864941289491e-06
26565.210080000004 4.030261587154395e-06
26578.7224 3.80816845288823e-06
26592.23471 4.295310766478364e-06
26605.747030000004 4.40577062354361e-06
26619.259339999997 4.464708076653052e-06
26632.77166 4.835136434018978e-06
26646.28397 5.169509015439562e-06
26659.796289999997 5.377320911487628e-06
26673.3086 5.953178320372226e-06
26686.82091 6.245247652391914e-06
26700.33323 5.473648899787178e-06
26713.845540000003 4.960901350240761e-06
26727.35786 4.918964518118748e-06
26740.870169999997 4.4579569485542234e-06
26754.38249 3.8447455679717785e-06
26767.8948 3.3182681042438675e-06
26781.40711 2.9676781346364293e-06
26794.91943 2.3882807408565478e-06
26808.43174 2.1773161634006828e-06
26821.944060000003 2.0667174326115664e-06
26835.456370000004 1.6559687882274745e-06
26848.96869 1.575459764541207e-06
26862.481 1.7177533993611322e-06
26875.993319999996 1.8903875123886777e-06
26889.505629999997 1.7587158697559588e-06
26903.01794 1.6135450148042731e-06
26916.53026 1.5417973480264892e-06
26930.04257 1.7239245506640192e-06
26943.55489 1.5890100545596698e-06
26957.0672 1.3258605159694757e-06
26970.57952 1.2721103693293824e-06
26984.091830000003 1.1204027978829162e-06
26997.60414 1.0729758858953102e-06
27011.116459999998 1.310925319684728e-06
27024.62877 1.3008204499956972e-06
27038.14109 9.850917019740385e-07
27051.6534 9.383247008623879e-07
27065.16572 9.291003108573925e-07
27078.67803 7.014821162804573e-07
27092.190350000003 5.922583886890957e-07
27105.702660000004 4.369951704939119e-07
27119.214969999996 2.123114664447739e-07
27132.72729 2.1230317754762488e-07
27146.2396 2.1051340281486642e-07
27159.751919999997 4.962054427314752e-07
27173.26423 4.920591707507265e-07
27186.77655 5.475091392597103e-07
27200.28886 5.470302721493708e-07
27213.801170000003 5.627400900962746e-07
27227.31349 5.639152100646152e-07
27240.825799999997 5.634530156987684e-07
27254.338120000003 4.771221372517288e-07
27267.85043 1.254718792266484e-07
27281.362749999998 1.2523819818374985e-07
27294.87506 7.249960154169942e-08
27308.38738 1.4923984966385555e-07
27321.89969 3.1127614540854703e-07
27335.412000000003 2.9960799707021983e-07
27348.92432 3.071822651504059e-07
27362.43663 3.072699642086318e-07
27375.94895 3.4508423896313727e-07
27389.461259999996 4.602415766476088e-07
27402.97358 4.5726601769478335e-07
27416.48589 5.166621266549921e-07
27429.998209999997 3.4019883408722385e-07
27443.51052 3.382083327448009e-07
27457.02283 3.30551697905964e-07
27470.53515 4.309019021910504e-07
27484.047460000003 4.2985497386923775e-07
27497.55978 5.737136293848134e-07
27511.072089999997 7.978252079828724e-07
27524.584410000004 7.278362909956873e-07
27538.09672 7.251080414244168e-07
27551.60903 7.97285061071048e-07
27565.12135 9.434290592876518e-07
27578.63366 9.445610251232315e-07
27592.145980000002 1.0271978228684436e-06
27605.65829 8.053283641937458e-07
27619.17061 7.953952019942695e-07
27632.682920000002 1.152693815485602e-06
27646.19524 1.3533995544971659e-06
27659.707549999997 1.4445826396456883e-06
27673.21986 1.5740776316798263e-06
27686.73218 1.713884807495594e-06
27700.24449 1.8404759441841494e-06
27713.75681 1.8042102589137492e-06
27727.26912 1.5975859481644496e-06
27740.78144 1.2688355334464055e-06
27754.293750000003 1.2770645115236946e-06
27767.80606 1.4176850396640876e-06
27781.318379999997 1.3079411341460295e-06
27794.83069 1.3608790765289849e-06
27808.34301 1.2909212363517956e-06
27821.85532 1.4587631217645955e-06
27835.36764 1.8550108133961804e-06
27848.87995 2.0907571536227186e-06
27862.39227 2.0592772625362504e-06
27875.90458 2.040196088751056e-06
27889.41689 2.1074676005899025e-06
27902.929210000003 2.1129100318540335e-06
27916.44152 2.3615129038623296e-06
27929.953839999997 2.6140297160603597e-06
27943.46615 2.5998569165016776e-06
27956.97847 2.728654475494457e-06
27970.49078 2.9627205741754988e-06
27984.003090000003 3.263463098420716e-06
27997.51541 3.5088394405071064e-06
28011.02772 3.448878742069941e-06
28024.540040000003 3.1647919952288565e-06
28038.05235 2.956526977015537e-06
28051.564669999998 2.884460305068261e-06
28065.07698 2.6889954539344894e-06
28078.5893 2.650480033035987e-06
28092.101609999998 2.31906830314924e-06
28105.61392 2.21720842312966e-06
28119.12624 2.394156869278545e-06
28132.63855 2.5898255682746836e-06
28146.15087 2.8070092496151233e-06
28159.663179999996 2.7714539087712397e-06
28173.175500000003 2.684014839224299e-06
28186.68781 2.5547447870941996e-06
28200.200129999997 2.839826583613344e-06
28213.71244 2.879694231358731e-06
28227.22475 2.9415627611879984e-06
28240.73707 2.8724886880670614e-06
28254.249380000003 2.9151896779235782e-06
28267.7617 3.2083153280835094e-06
28281.27401 3.3570461177058356e-06
28294.786330000004 3.5136115375449797e-06
28308.29864 3.378127979350393e-06
28321.810949999997 3.220128735664574e-06
28335.32327 3.0144792301723678e-06
28348.83558 2.930997827938914e-06
28362.3479 2.6213181983526164e-06
28375.86021 2.497942755293465e-06
28389.37253 2.55649133462874e-06
28402.884840000002 2.660133347027967e-06
28416.39716 2.7302195858851028e-06
28429.909469999997 3.053836903572672e-06
28443.421779999998 3.306487367420219e-06
28456.9341 3.5737496577873533e-06
28470.44641 3.831044254165098e-06
28483.95873 3.399885668967215e-06
28497.47104 3.246615666260604e-06
28510.98336 3.399234951922993e-06
28524.495670000003 3.4944984509081856e-06
28538.007980000004 3.118761728852675e-06
28551.5203 2.7951387506037514e-06
28565.03261 2.687595352628248e-06
28578.544929999996 2.5277504179314705e-06
28592.057239999997 2.6784423024357925e-06
28605.56956 2.8099867320772104e-06
28619.08187 2.4531491405058386e-06
28632.59419 1.9742423009863485e-06
28646.1065 1.8599581262600198e-06
28659.61881 2.1540650365475327e-06
28673.131130000002 2.09727323202019e-06
28686.64344 1.9853576194333723e-06
28700.155759999997 2.054777986615488e-06
28713.66807 1.8519254658189963e-06
28727.18039 1.682195488398646e-06
28740.6927 1.876107377575185e-06
28754.205010000002 1.8809871817417417e-06
28767.71733 1.5898217938800553e-06
28781.22964 1.4811353600056737e-06
28794.741960000003 1.6634966418283216e-06
28808.254270000004 1.7974135813161823e-06
28821.76659 1.920567866862072e-06
28835.2789 2.0620749164781253e-06
28848.791219999996 2.1844650977496664e-06
28862.303529999997 2.5318208419917347e-06
28875.81584 2.7215483515401934e-06
28889.32816 2.7130679817940283e-06
28902.84047 2.8637324229634816e-06
28916.35279 2.847908331079571e-06
28929.8651 2.7814491715970353e-06
28943.377420000003 2.608500242587119e-06
28956.88973 2.5020609032203064e-06
28970.402049999997 2.5341057773383517e-06
28983.91436 2.578989710416163e-06
28997.42667 3.401411071648323e-06
29010.93899 3.828559991739336e-06
29024.451300000003 3.9357657504520404e-06
29037.96362 4.350723418624092e-06
29051.47593 4.894053812411579e-06
29064.988250000003 5.323649537236537e-06
29078.50056 5.4493345119063464e-06
29092.012869999997 5.522285211994095e-06
29105.52519 5.188325999314796e-06
29119.0375 5.149808342939112e-06
29132.549819999998 5.860112631186241e-06
29146.06213 6.416276408688925e-06
29159.57445 6.865967922743584e-06
29173.08676 7.17638924067163e-06
29186.59908 7.690740792836573e-06
29200.11139 8.10448502394455e-06
29213.623699999998 8.405693209923357e-06
29227.13602 8.68921753280132e-06
29240.64833 8.636691978839102e-06
29254.16065 8.795733057120183e-06
29267.67296 9.082026727590278e-06
29281.18528 9.438532696375189e-06
29294.697590000003 9.574823741976125e-06
29308.2099 1.0006090205501389e-05
29321.72222 1.0393469162119836e-05
29335.23453 1.0612092830310417e-05
29348.74685 1.0501910617431297e-05
29362.259159999997 1.0293976716018873e-05
29375.77148 1.0278046229416957e-05
29389.28379 1.0147978755783726e-05
29402.79611 1.0399638840436414e-05
29416.30842 1.0710637177212137e-05
29429.82073 1.081480829523402e-05
29443.333050000002 1.093041259858154e-05
29456.845360000004 1.1313700417923788e-05
29470.35768 1.1592971115742729e-05
29483.86999 1.1825370423133704e-05
29497.38231 1.2782597542500439e-05
29510.89462 1.3594011692460936e-05
29524.40694 1.4297163300509724e-05
29537.91925 1.4963318695090082e-05
29551.43156 1.5725061175447665e-05
29564.94388 1.6624994614846137e-05
29578.45619 1.746561466255619e-05
29591.96851 1.8663508744612217e-05
29605.48082 1.9508146763565632e-05
29618.993139999996 2.067763999853937e-05
29632.505449999997 2.2004180600290214e-05
29646.01776 2.3701544863125256e-05
29659.53008 2.5398189208235417e-05
29673.04239 2.769337603352089e-05
29686.55471 3.0164857937548503e-05
29700.06702 3.21514702599343e-05
29713.579340000003 3.459592376804601e-05
29727.091650000004 3.693344642938387e-05
29740.60397 3.913981617633124e-05
29754.11628 4.155002898716268e-05
29767.62859 4.4153724794820274e-05
29781.14091 4.658417399753128e-05
29794.65322 4.970765486114116e-05
29808.16554 5.330993472364544e-05
29821.67785 5.65244343544992e-05
29835.19017 6.021247345666114e-05
29848.70248 6.497306486274704e-05
29862.214789999997 7.005114452488949e-05
29875.72711 7.547833726471688e-05
29889.23942 8.147002789952102e-05
29902.751739999998 8.724804888336372e-05
29916.26405 9.345779525279566e-05
29929.77637 0.00010055167887260118
29943.28868 0.00010812521626941337
29956.801 0.00011561805405587778
29970.31331 0.00012324587443291084
29983.825619999998 0.0001319488183261055
29997.337940000004 0.00014122372999528904
30010.85025 0.00015134081870418832
30024.36257 0.0001621014523644065
30037.87488 0.0001730299999608224
30051.387199999997 0.00018446944603123372
30064.89951 0.0001972625729311301
30078.41182 0.00021129710629374203
30091.92414 0.0002258642848647597
30105.436450000003 0.0002411444580893433
30118.94877 0.00025754845341154206
30132.461079999997 0.0002750962538200505
30145.9734 0.0002939220232600677
30159.48571 0.00031443003974740115
30172.99803 0.0003356022257680883
30186.51034 0.00035805380582678605
30200.02265 0.00038185035549159356
30213.53497 0.00040721809525270393
30227.047280000003 0.00043385446251234224
30240.5596 0.00046229738020527305
30254.071909999998 0.0004927232752772009
30267.584230000004 0.0005245041876876843
30281.096539999997 0.0005586894464338609
30294.60886 0.0005959541166729228
30308.12117 0.0006359923459402202
30321.63348 0.0006788762953356722
30335.1458 0.0007250877950558192
30348.65811 0.0007744750396460751
30362.17043 0.0008274670168969759
30375.682740000003 0.0008854309907863542
30389.19506 0.000947131488320612
30402.707369999997 0.0010135006137225028
30416.21968 0.0010858591240007491
30429.732 0.0011638893004288415
30443.24431 0.0012486748626689475
30456.75663 0.001340312016370181
30470.26894 0.0014396692512171603
30483.781260000002 0.0015476593414602332
30497.293570000004 0.0016652368848342977
30510.80589 0.0017905584891022724
30524.3182 0.00192658948524818
30537.83051 0.002074410909351987
30551.342829999997 0.002235035611097074
30564.85514 0.0024099116672466952
30578.36746 0.0026000810963362313
30591.87977 0.002807110974432862
30605.39209 0.003033980966872459
30618.9044 0.00328360037536002
30632.41671 0.0035559588983433326
30645.929030000003 0.003853247819542512
30659.44134 0.004182000533365606
30672.953659999997 0.004536690782315894
30686.46597 0.004927831391604428
30699.97829 0.005353929169838277
30713.4906 0.005813812463497624
30727.00292 0.006317089239016576
30740.51523 0.006867350955865027
30754.02754 0.007469336059622243
30767.539860000004 0.00812755827932323
30781.052169999996 0.008847919624843933
30794.56449 0.009635894493739068
30808.0768 0.010504237134735486
30821.589119999997 0.01145887396037788
30835.10143 0.01250374689085629
30848.61374 0.013647097432869328
30862.12606 0.01489799538232986
30875.638370000003 0.016265516064076935
30889.15069 0.017759160229129586
30902.662999999997 0.01939134008533345
30916.175320000003 0.02117863784635768
30929.68763 0.023128692639002836
30943.199949999998 0.025284112958451246
30956.71226 0.027601042546469317
30970.22457 0.03012131128425273
30983.73689 0.032861566366833836
30997.249200000003 0.03583671396670242
31010.76152 0.03904551198483873
31024.27383 0.04251285854507329
31037.78615 0.04625856351057639
31051.298459999996 0.05029926318733402
31064.81078 0.05464969835355736
31078.32309 0.05932522183734852
31091.8354 0.06433813775251576
31105.34772 0.06971171215256132
31118.86003 0.07546535258045294
31132.37235 0.08159389140045827
31145.884660000003 0.08810452617412289
31159.39698 0.0949966861779641
31172.909289999997 0.10227348757182
31186.4216 0.10992452049256343
31199.93392 0.11794518321676725
31213.44623 0.1265724790377867
31226.95855 0.13540935617806604
31240.47086 0.14457151913040317
31253.983180000002 0.15402824083482147
31267.49549 0.16375221325424416
31281.00781 0.17369890634707075
31294.520120000002 0.18383775243194658
31308.03243 0.194074604604137
31321.544749999997 0.20437513474479502
31335.05706 0.2147165670947113
31348.56938 0.22504436548307702
31362.08169 0.23531564556921597
31375.59401 0.24545967216148157
31389.10632 0.25543815667861
31402.61863 0.2652039580953923
31416.130950000003 0.2747779688398653
31429.64326 0.28403455784883996
31443.155579999997 0.2929197958517671
31456.66789 0.30140242603567213
31470.18021 0.3094411663381893
31483.69252 0.31738025100780615
31497.20484 0.32446879600187695
31510.71715 0.3310480800070233
31524.22946 0.33712079103668136
31537.74178 0.3426822640637037
31551.25409 0.347755630599494
31564.766410000002 0.3523498811475978
31578.27872 0.35649323844045244
31591.791039999997 0.3602120356669215
31605.30335 0.3635086785203693
31618.81566 0.36641064349799757
31632.32798 0.3689780136720262
31645.840290000002 0.37125445688979997
31659.35261 0.3732672964905388
31672.86492 0.37505138620602624
31686.377240000003 0.37663565509764974
31699.88955 0.3780457553273384
31713.401869999998 0.37954818637895993
31726.91418 0.3812462798372502
31740.42649 0.38267033983561083
31753.938809999998 0.38387401050704867
31767.45112 0.3850089393657221
31780.96344 0.38609330282131576
31794.47575 0.3871365331942524
31807.98807 0.38807686511851786
31821.50038 0.3889401318599691
31835.012700000003 0.38978648553370704
31848.52501 0.3906183427083315
31862.03732 0.39144368952000475
31875.54964 0.39226522832478905
31889.06195 0.3930809252026375
31902.57427 0.39389132376934644
31916.086580000003 0.39470596620082216
31929.5989 0.39552235050918827
31943.11121 0.3963384289622193
31956.62352 0.39715413838156305
31970.13584 0.39797212064342946
31983.648149999997 0.3992486751067351
31997.16047 0.40005724328990167
32010.67278 0.4008258410618406
32024.185099999998 0.4015765864767115
32037.69741 0.40232399641274685
32051.20973 0.40306396653902815
32064.72204 0.4038007935433816
32078.23435 0.40452761343239574
32091.74667 0.4052493092347236
32105.258979999998 0.4059596501408085
32118.7713 0.4066628477426084
32132.28361 0.4069036561946402
32145.79593 0.40759802682554647
32159.30824 0.4082874530980058
32172.82055 0.4089771958547181
32186.332870000003 0.40967093670102683
32199.845180000004 0.4103657772683608
32213.3575 0.4113413134937619
32226.86981 0.41247468927808517
32240.382129999996 0.4132878792914728
32253.894439999997 0.4141018382030861
32267.40676 0.41492249215460614
32280.91907 0.41574069194929947
32294.43138 0.4165613657948668
32307.9437 0.41724433760540325
32321.45601 0.4178377751710593
32334.968330000002 0.4184343085213504
32348.48064 0.41903660964588385
32361.992959999997 0.4196393207810944
32375.50527 0.42024635178829084
32389.01759 0.42085942470927595
32402.5299 0.4214641524189424
32416.042210000002 0.4220233898976589
32429.55453 0.422581886324966
32443.06684 0.42329677442581226
32456.579160000003 0.4242007744749601
32470.091470000004 0.4247589830426286
32483.60379 0.4253095154870735
32497.1161 0.4258612344536432
32510.62841 0.4265024993921618
32524.140729999997 0.4271669963762194
32537.65304 0.4278278837544208
32551.16536 0.42848944882391005
32564.67767 0.4291530696037935
32578.18999 0.42981611085936755
32591.7023 0.43048151976864824
32605.214620000003 0.43111275489330575
32618.72693 0.4316974365706958
32632.23924 0.43227581983946
32645.75156 0.4328563611566988
32659.26387 0.43343040679422795
32672.77619 0.4341488285947099
32686.288500000003 0.43509318969688837
32699.80082 0.43566603762883144
32713.31313 0.43612305099142923
32726.82544 0.43658221473354525
32740.33776 0.43704657637529787
32753.850069999997 0.43751098581896636
32767.36239 0.43798048755055674
32780.8747 0.4384478079605245
32794.387019999998 0.4389242987177706
32807.89933 0.4394053802191998
32821.41165 0.4398969903804693
32834.92396 0.4403921052910498
32848.436270000003 0.44089296197520067
32861.94859 0.4414012489565215
32875.460899999998 0.4419179202489041
32888.97322 0.4424478535374673
32902.48553 0.44350780412245816
32915.99785 0.44406006037936857
32929.51016 0.4446179832605051
32943.02247 0.44519238357282476
32956.534790000003 0.4457744737167908
32970.0471 0.446366345377614
32983.55942 0.44696606104654246
32997.07173 0.44757288350260194
33010.58405 0.44808410304553364
33024.096359999997 0.44857165252926084
33037.60868 0.4490701221520215
33051.12099 0.449571781105953
33064.6333 0.45008675904788475
33078.14562 0.4506092844016867
33091.65793 0.4511449480444637
33105.170250000002 0.4516643637879344
33118.682560000003 0.4526143853873217
33132.19488 0.4531831227380612
33145.707189999998 0.45368495560759914
33159.21951 0.45419273284351686
33172.73182 0.4546977055195549
33186.24413 0.45520494225637814
33199.75645 0.455707744593304
33213.26876 0.4561661057243438
33226.78108 0.45662111273280703
33240.29339 0.4570720069150015
33253.80571 0.45752185207369145
33267.31802 0.45796491138003415
33280.83033 0.4584086557147268
33294.342649999997 0.4588474928735051
33307.85496 0.458947982259548
33321.36728 0.45879684293759615
33334.87959 0.4586400465950717
33348.39191 0.45892989794605976
33361.90422 0.4588473978819301
33375.416540000002 0.4586764503759001
33388.928850000004 0.458495256109674
33402.44116 0.4580909219912096
33415.95348 0.4566785720280493
33429.46579 0.45526043117474824
33442.97811 0.45383425689925394
33456.49042 0.4523993634343975
33470.00274 0.450957289002895
33483.51505 0.4495038072747529
33497.027360000002 0.44804923574332145
33510.53968 0.4449845502999835
33524.051989999997 0.4414614069311895
33537.56431 0.43792744499294317
33551.07662 0.4343845599781485
33564.588939999997 0.4308354048433982
33578.10125 0.4272784698967951
33591.61357 0.4237171808795701
33605.12588 0.4216867933464328
33618.638190000003 0.4221804598132016
33632.15051 0.4226709943186328
33645.662819999997 0.4231613333475129
33659.175140000004 0.42365278253388217
33672.68745 0.4241414684732707
33686.19977 0.4246325614688105
33699.71208 0.4251225705697117
33713.22439 0.42911324540099904
33726.73671 0.4335123676627117
33740.24902 0.43826586346341734
33753.76134 0.4423565420306587
33767.273650000003 0.44645031802949076
33780.78597 0.45055381214439993
33794.298279999997 0.4546610470993265
33807.8106 0.4571534111631921
33821.32291 0.45846201780930285
33834.83522 0.4597738433727303
33848.34754 0.4610888703291386
33861.85985 0.46240325861112025
33875.37217 0.4637225828099011
33888.884480000003 0.46503757026673953
33902.3968 0.4660831403298319
33915.909109999998 0.46587991464566264
33929.421430000004 0.46566882620130085
33942.933739999996 0.46545042630199307
33956.446049999998 0.4652205820666881
33969.95837 0.4649855830508838
33983.47068 0.4647377715211545
33996.983 0.464482828058146
34010.49531 0.4641717621013248
34024.00763 0.4638379897507195
34037.519940000003 0.4634997233579366
34051.03225 0.4631530539126236
34064.544569999997 0.46280367120801735
34078.05688 0.46244554569781504
34091.5692 0.46216622704496274
34105.08151 0.4623256604697527
34118.59383 0.46214033324363446
34132.10614 0.46195054019856524
34145.618460000002 0.4617511681403096
34159.130770000004 0.4620214031512213
34172.643079999996 0.4618565639902567
34186.1554 0.46164060559670056
34199.66771 0.4614210148078336
34213.180029999997 0.46157167259724885
34226.69234 0.4617305636260919
34240.20466 0.46188341037781494
34253.71697 0.46203480355715276
34267.229280000002 0.4621860440230932
34280.7416 0.46233648732859356
34294.25391 0.4624908642810101
34307.766230000003 0.4625384020632939
34321.27854 0.46250589641285433
34334.790859999997 0.46246379275857474
34348.30317 0.4624139064451863
34361.81549 0.46236043111282654
34375.3278 0.46229808418940077
34388.840110000003 0.4622321895705723
34402.35243 0.4621249369128533
34415.86474 0.4618491353807513
34429.377060000004 0.4615767677629352
34442.889369999996 0.4618481855373959
34456.40169 0.4615862879132623
34469.914 0.46132601405763535
34483.42631 0.4612466393725848
34496.93863 0.4613312940007721
34510.45094 0.4612844991527524
34523.96326 0.4613047678811394
34537.475570000002 0.4613269083847822
34550.98789 0.4613552636445343
34564.5002 0.46138669022198586
34578.012520000003 0.46141989709932874
34591.52483 0.46145862941723503
34605.03714 0.4616439620784565
34618.54946 0.4620790552906589
34632.06177 0.462516269212939
34645.57409 0.46295606614839
34659.086400000003 0.4633994764012793
34672.59872 0.4638428492297463
34686.11103 0.46429011169979106
34699.62335 0.4647380941304785
34713.135659999996 0.46487381907694764
34726.647969999997 0.4650033922586416
34740.16029 0.46513314441263065
34753.6726 0.4652683446559255
34767.18492 0.465797855394354
34780.69723 0.46609160057309784
34794.20955 0.46645505962989153
34807.721860000003 0.4670882832662485
34821.23417 0.4675618507689958
34834.74649 0.4680346694782208
34848.2588 0.4685062627749393
34861.77112 0.4689767493254843
34875.28343 0.4694429213268244
34888.79575 0.4699087043907668
34902.30806 0.4703947891013719
34915.82038 0.47099481207054805
34929.33269 0.4715932380312909
34942.845 0.47218682303886406
34956.35732 0.4727788378073733
34969.86963 0.47336600814346763
34983.381949999997 0.4739504061898112
34996.894259999998 0.4745349942128528
35010.40658 0.47506044246789
35023.91889 0.4755684559300797
35037.4312 0.47607282295416353
35050.94352 0.47657323915614513
35064.45583 0.4770713398164901
35077.968150000003 0.4780108253879656
35091.48046 0.4786200013970513
35104.992779999997 0.47941023307456193
35118.50509 0.4802436246209031
35132.01741 0.48080325941547786
35145.52972 0.48135328899925195
35159.04203 0.48189959659877957
35172.55435 0.48244236637767357
35186.06666 0.48298162823336543
35199.57898 0.4835146190247981
35213.09129 0.48396442099491765
35226.603610000002 0.48440321111913964
35240.11592 0.484839408938179
35253.628239999997 0.48527565848474924
35267.14055 0.4857138976520132
35280.65286 0.4861500616483433
35294.16518 0.4865850816937195
35307.677490000002 0.4869846460044782
35321.18981 0.4873569248097118
35334.70212 0.48773019877049006
35348.214440000003 0.4885709943080344
35361.72675 0.4890459046007577
35375.23906 0.4894194723516439
35388.75138 0.4897921396045051
35402.26369 0.4901406158777251
35415.776009999997 0.49036387947949656
35429.28832 0.49109856455657896
35442.80064 0.49136633234119026
35456.31295 0.49159741966018766
35469.82527 0.491831619948759
35483.33758 0.49206743693190186
35496.849889999997 0.492304177767779
35510.36221 0.49252535850117574
35523.87452 0.49327106284979283
35537.38684 0.49346716051322137
35550.89915 0.4936663347553454
35564.41147 0.4938681018927992
35577.923780000003 0.4940743717471101
35591.436090000004 0.49428456596647774
35604.94841 0.49452332892046424
35618.46072 0.4948084467836721
35631.97304 0.4950951826486215
35645.485349999997 0.49538475831344486
35658.99767 0.4956777584387704
35672.50998 0.495974794808566
35686.022299999998 0.49662450037776434
35699.53461 0.49715956256953076
35713.04692 0.4974019186542785
35726.55924 0.49764440430219214
35740.07155 0.4978879426797054
35753.58387 0.49813408117830105
35767.096179999998 0.4983819480249343
35780.6085 0.4991875562832453
35794.12081 0.4994377051325576
35807.63312 0.49965310274759794
35821.14544 0.49984255767719044
35834.65775 0.5000338804030444
35848.170070000003 0.5007030891983875
35861.682380000004 0.5010041105953458
35875.1947 0.5011975828406845
35888.70701 0.5013900802182414
35902.219329999996 0.5015720229026923
35915.731639999997 0.5016963430256084
35929.24395 0.5018210838482712
35942.75627 0.5019464006211443
35956.26858 0.5020718730913936
35969.7809 0.5021981586782504
35983.29321 0.5023267126042126
35996.805530000002 0.502457700048989
36010.31784 0.5025896021281558
36023.83016 0.5027211029846803
36037.34247 0.5032813253850388
36050.85478 0.5035677737764617
36064.3671 0.5036990169309483
36077.87941 0.5038311228568682
36091.39173 0.5039635174229126
36104.90404 0.5040731130879232
36118.416360000003 0.5041433326521707
36131.928670000004 0.5042136532467185
36145.440979999997 0.504283793593135
36158.9533 0.504353666529921
36172.46561 0.5044242187867078
36185.977929999997 0.5044940940099825
36199.49024 0.5050978529701213
36213.00256 0.5051868247591058
36226.51487 0.5052483064610078
36240.02719 0.5053115448787721
36253.5395 0.5053749140878412
36267.051809999997 0.5054389339255653
36280.56413 0.5055025919382587
36294.07644 0.5055647388343619
36307.58876 0.505667146466946
36321.10107 0.5058008945050037
36334.61339 0.5059327612063254
36348.125700000002 0.5060645208867545
36361.638010000004 0.5061972494386122
36375.15033 0.5063295441223721
36388.66264 0.5064623512824489
36402.17496 0.5066058904984865
36415.687269999997 0.506805360279703
36429.19959 0.5070044031549454
36442.7119 0.5072023791151651
36456.224219999998 0.5073998994969097
36469.73653 0.5075958561335571
36483.24884 0.5077908915155058
36496.76116 0.5083855693273893
36510.273470000003 0.5088261924155232
36523.78579 0.509091129229688
36537.298099999997 0.5093552374330192
36550.81042 0.5096168196202784
36564.32273 0.5098763453441756
36577.83504 0.5101348514735703
36591.34736 0.5103893412328095
36604.85967 0.5106147622974869
36618.371990000003 0.5107932114740974
36631.8843 0.5109699807430936
36645.39662 0.5111456753558351
36658.90893 0.5113190161076032
36672.42125 0.5114890176982404
36685.933559999997 0.5116562386583394
36699.44587 0.5123590517930874
36712.95819 0.5126201035953284
36726.4705 0.5128491055248166
36739.98282 0.5130740214686214
36753.49513 0.5132963412444664
36767.00745 0.5135158421279209
36780.519760000003 0.5137325857995348
36794.03208 0.5139485459842622
36807.544389999998 0.5141598679781428
36821.0567 0.5143680754402831
36834.56902 0.514575980497683
36848.08133 0.5147803278613909
36861.59365 0.5149817078982101
36875.10596 0.5151822107461711
36888.61828 0.5153806821262202
36902.13059 0.5155570343924563
36915.642899999996 0.5156169995918479
36929.15522 0.5156748336942807
36942.66753 0.516330241044471
36956.179849999997 0.5163877578085782
36969.69216 0.5164445381678844
36983.20448 0.516501738685983
36996.71679 0.5165577391774266
37010.22911 0.5166135079917429
37023.74142 0.5166695506860495
37037.25373 0.5167256455874412
37050.766050000004 0.5167832249147138
37064.27836 0.5168432156471365
37077.79068 0.5169036870275727
37091.30299 0.516965290372932
37104.81531 0.5170523249142458
37118.32762 0.5171829099237579
37131.83993 0.5173150959941746
37145.35225 0.517447298655469
37158.864560000002 0.5175777248026459
37172.37688 0.5177087070197897
37185.889189999997 0.5178402651181166
37199.40151 0.5179726330819969
37212.91382 0.5181088824401785
37226.426139999997 0.5182458285935807
37239.93845 0.5183829806963989
37253.45076 0.5185216326303577
37266.96308 0.5186598756754095
37280.475390000003 0.5187980318058912
37293.98771 0.5189364171968591
37307.50002 0.5190754980236076
37321.012340000004 0.519216139645607
37334.52465 0.5193564719141482
37348.036959999997 0.519494237138318
37361.54928 0.5202330632619733
37375.06159 0.520367779839066
37388.57391 0.5204975253373454
37402.08622 0.5207332679838055
37415.59854 0.5212398232029682
37429.110850000002 0.521280961277479
37442.62317 0.5213172520629505
37456.135479999997 0.521347681635687
37469.64779 0.5213715488257256
37483.16011 0.5213911228004616
37496.67242 0.5214053344396156
37510.18474 0.5214123426679065
37523.69705 0.5214138258940848
37537.20937 0.5214077995917834
37550.721680000003 0.5213939599275025
37564.234 0.5213731499799287
37577.74631 0.5213433332038124
37591.25862 0.5213051067841962
37604.770939999996 0.5212598039726908
37618.283249999998 0.5212062104276185
37631.79557 0.521145337914876
37645.30788 0.5210788546467993
37658.8202 0.5210050455357124
37672.33251 0.5209254465850257
37685.84482 0.5208405432823269
37699.357140000003 0.5207478094022282
37712.86945 0.5206412441323889
37726.381769999997 0.520528087358533
37739.89408 0.5204070508261266
37753.4064 0.5202802523647874
37766.91871 0.520565883649333
37780.43103 0.5206156963880758
37793.94334 0.520477651508742
37807.45565 0.5203823055486638
37820.967970000003 0.5203201479908492
37834.480279999996 0.5202578441161472
37847.992599999998 0.5201957898137239
37861.50491 0.5201321460230455
37875.017229999997 0.5200687226277676
37888.529539999998 0.5200052987158714
37902.04185 0.5199198783180388
37915.55417 0.519717246308227
37929.06648 0.5195195482984158
37942.5788 0.5193265712307358
37956.09111 0.519141675190561
37969.603430000003 0.5189630674561871
37983.11574 0.5187892978350417
37996.628059999997 0.5186241071066604
38010.14037 0.5185754786353467
38023.65268 0.5185692325006739
38037.165 0.5185725700665782
38050.677310000003 0.5185839080762816
38064.18963 0.5186033285865872
38077.70194 0.5186360736465534
38091.214260000004 0.5186816267153342
38104.726569999996 0.5187117312468803
38118.23889 0.5187054253507559
38131.7512 0.5187102648594197
38145.26351 0.5187254243206054
38158.77583 0.5187530176290149
38172.28814 0.5189266170475308
38185.80046 0.5194327097160567
38199.312770000002 0.5194859830625913
38212.82509 0.519555736735499
38226.3374 0.5196350168059874
38239.84971 0.5197256466025943
38253.36203 0.5198247790656023
38266.87434 0.5199312457832115
38280.38666 0.5200459258462391
38293.89897 0.5201651051190852
38307.41129 0.5202858539716273
38320.923600000003 0.5204091074726328
38334.43592 0.5205318537969817
38347.94823 0.5206525541108897
38361.46054 0.520771870955545
38374.972859999996 0.5208872704158324
38388.485169999997 0.5214902909951381
38401.99749 0.5216860675068303
38415.5098 0.5217835330162792
38429.02212 0.5218705563484882
38442.53443 0.5219482684281269
38456.04674 0.5220140777928319
38469.559060000003 0.5220663479893684
38483.07137 0.5221042261475657
38496.58369 0.5221234379638715
38510.096 0.5221178355121467
38523.60832 0.5220930179237998
38537.12063 0.5220487432030922
38550.63295 0.5219825067875032
38564.14526 0.5218952844678806
38577.65757 0.5222450995855005
38591.16989 0.5222476008505077
38604.6822 0.5220858219942619
38618.19452 0.5219003908243884
38631.70683 0.521684819194527
38645.219149999996 0.5214412295074626
38658.731459999998 0.5211690751097615
38672.24377 0.5208667023489069
38685.75609 0.52053778119306
38699.2684 0.5201835421628405
38712.78072 0.5197897101183253
38726.29303 0.5193702998685059
38739.805350000003 0.518925116573597
38753.31766 0.5184509700682469
38766.82998 0.5179502507851952
38780.34229 0.5174250066312024
38793.8546 0.5168740688675372
38807.36692 0.5163081423547631
38820.87923 0.5157282137506863
38834.39155 0.5151282394312475
38847.90386 0.5145119003661185
38861.41618 0.5138831557981127
38874.92849 0.5132411030647808
38888.440810000002 0.5125864758607077
38901.95312 0.511921621834974
38915.46543 0.5112399784445227
38928.97775 0.5105481428249529
38942.49006 0.5098501330803509
38956.00238 0.5091439414397154
38969.514690000002 0.5084297679536309
38983.02701 0.5082975086760226
38996.53932 0.5075743630810893
39010.051629999998 0.5068415995384375
39023.56395 0.506105528887953
39037.07626 0.5053664389199722
39050.58858 0.5046212515309545
39064.10089 0.5038712604639601
39077.613209999997 0.5031147486289902
39091.12552 0.50234652925802
39104.63784 0.501570768861205
39118.15015 0.500788867049451
39131.66246 0.4999858320748267
39145.17478 0.49944675643826586
39158.687089999997 0.49886019300145434
39172.19941 0.49797211611548975
39185.71172 0.4970451025232666
39199.22404 0.4960735311315692
39212.73635 0.4950500328402644
39226.24866 0.49396255696123204
39239.760980000002 0.49280418248723745
39253.273290000004 0.4915637814105729
39266.78561 0.4902300651221674
39280.29792 0.48879329140259553
39293.81024 0.487238505401006
39307.322549999997 0.48554780176119994
39320.83487 0.4837109558783175
39334.34718 0.48171833650867524
39347.85949 0.47955501242914417
39361.37181 0.47720871104736196
39374.88412 0.4749329160822754
39388.39644 0.4724542310748718
39401.90875 0.4694820438323625
39415.42107 0.46633057564196834
39428.933379999997 0.4629222340175609
39442.44569 0.45924558754792977
39455.95801 0.4552897397438644
39469.47032 0.4510430906873016
39482.98264 0.44649717080511975
39496.49495 0.4416463270197734
39510.007270000003 0.43643163257018447
39523.519580000004 0.4308842215503319
39537.0319 0.42502838795418213
39550.54421 0.4188621095449159
39564.05652 0.4123833871934226
39577.568839999997 0.40559868312855885
39591.08115 0.3985148901079153
39604.59347 0.39114276529705727
39618.10578 0.3834965948464114
39631.6181 0.37558775964792473
39645.13041 0.3674314617366249
39658.64273 0.3590485846127176
39672.15504 0.35046228587051886
39685.66735 0.34168698350422216
39699.179669999998 0.3330849092158793
39712.69198 0.32403087709179834
39726.2043 0.3148286553158708
39739.71661 0.3055324140391912
39753.22893 0.29616743390321315
39766.74124 0.2867588440292422
39780.25355 0.2776518205445156
39793.765870000004 0.2682253893987824
39807.278179999996 0.258826099852713
39820.7905 0.24947713362504462
39834.30281 0.24020431866800868
39847.815129999997 0.2310287839030918
39861.32744 0.22196987033636228
39874.83976 0.2130458405411208
39888.35207 0.20427402312594314
39901.864380000003 0.19567156026867275
39915.3767 0.1872525554467756
39928.889009999997 0.1790299347914927
39942.40133 0.17101391466323074
39955.91364 0.1632139573599988
39969.42596 0.15563825670422068
39982.93827 0.148293013829384
39996.45058 0.14118272945034532
40009.9629 0.13431004976347538
40023.47521 0.12768040538547376
40036.98753 0.12129517520020852
40050.49984 0.11515447179139654
40064.01216 0.10925674505957698
40077.52447 0.10359953705896925
40091.03679 0.0981803254501176
40104.5491 0.09300049829740985
40118.06141 0.08805798260744697
40131.57373 0.08333943763762067
40145.08604 0.07884020580516425
40158.59836 0.07455420064585942
40172.11067 0.07047511204675858
40185.62299 0.06663963329314003
40199.1353 0.06298410102607276
40212.64761 0.05954010188902314
40226.15993 0.056206912297151274
40239.67224 0.05304881523106418
40253.18456 0.05005754012929174
40266.69687 0.04722603908451091
40280.20919 0.044547827985708735
40293.7215 0.04201613749957743
40307.23382 0.03962356577104871
40320.74613 0.03736401424312782
40334.25844 0.03523048617247206
40347.77076 0.033215947623310496
40361.28307 0.031315537487188544
40374.79539 0.029524020998392984
40388.3077 0.027835332037305233
40401.82002 0.02624379626304217
40415.33233 0.024747196507293748
40428.84465 0.023336875805870363
40442.35696 0.022008341935039165
40455.869269999996 0.020758011676894526
40469.38159 0.019581032985223998
40482.8939 0.018472318534079542
40496.40622 0.017427770406619893
40509.91853 0.01644315413559938
40523.43085 0.015515611334537275
40536.94316 0.01464263577049265
40550.45547 0.01382168403600456
40563.96779 0.013049303514081498
40577.4801 0.01232196510904218
40590.99241999999 0.011637103852357996
40604.504729999995 0.010998537961065008
40618.01705 0.010397746509141846
40631.52936 0.009825479705462282
40645.04168 0.009286817442725507
40658.55399 0.008779403841368461
40672.0663 0.008301097633838659
40685.578620000005 0.007850949330123033
40699.09093000001 0.007427548295347459
40712.60325 0.007029171568853564
40726.11556 0.006658382267907949
40739.62788 0.006307408594611539
40753.14019 0.005974160185773911
40766.6525 0.0056603203637779565
40780.16482 0.005365354991829205
40793.67713 0.005087212188839497
40807.18945 0.004823951816340583
40820.70176 0.004575420955117673
40834.21408 0.004341293732630157
40847.72639 0.004120187958464802
40861.23871 0.003910779482083195
40874.75102 0.003712701108777348
40888.26333 0.003524855405543259
40901.77565 0.0033472551733376393
40915.28796 0.0031799444872631947
40928.80028 0.0030224962806196494
40942.31259 0.002873679667921506
40955.82491 0.0027333045546920065
40969.33722 0.0026011907044254145
40982.84953 0.0024761502625420305
40996.361850000005 0.002357683713840465
41009.87416 0.0022455433936382284
41023.38648 0.0021395778121731106
41036.89878999999 0.0020403393536544624
41050.41110999999 0.0019454593594665026
41063.92342 0.0018549131875741673
41077.43574 0.0017689549676717848
41090.94805 0.0016873462966851762
41104.46036 0.0016107826926480592
41117.97268 0.0015386393856330275
41131.48499 0.0014698372662456604
41144.997309999995 0.0014046060751955465
41158.50962000001 0.0013427467577496854
41172.02194000001 0.0012838292305449707
41185.53425 0.0012284003559342427
41199.04657 0.001176130124864303
41212.55887999999 0.0011256640388528853
41226.07119 0.0010772711025503266
41239.58351000001 0.0010311673882156948
41253.09582 0.000987710697011368
41266.60814 0.0009461475418866708
41280.12045 0.0009063693102171007
41293.63277 0.0008686939505759206
41307.14508 0.0008327275049456299
41320.65739 0.0007984858335812186
41334.16971 0.0007663920742967444
41347.68202 0.0007363333037807255
41361.19434 0.0007073194642132516
41374.706649999995 0.0006796177476998358
41388.21897 0.0006535551792362734
41401.73128000001 0.0006288064819870031
41415.2436 0.0006043304037438512
41428.75591 0.0005804510181696072
41442.26821999999 0.0005574883373580098
41455.78054 0.0005357577951575406
41469.29285000001 0.0005153594284604969
41482.80517 0.0004969987578951856
41496.31748 0.0004789421960625504
41509.8298 0.0004614810050891434
41523.34211 0.00044547940253701526
41536.85442 0.00043070980243686043
41550.36674 0.00041601847379758833
41563.87905 0.00040088025692794945
41577.39136999999 0.0003862866691558346
41590.90368 0.0003724188866239589
41604.416 0.0003594348283766658
41617.92831 0.0003469166797799353
41631.44063 0.0003349470370470973
41644.95294 0.00032323147320298206
41658.46525 0.00031222439384075206
41671.97757 0.00030231267314851843
41685.489879999995 0.0002932843108636472
41699.00220000001 0.0002843346659001991
41712.51451 0.00027555258868258215
41726.02683 0.0002674004572143793
41739.53914 0.00025938847465469564
41753.051459999995 0.00025132037745856004
41766.563770000005 0.00024382559394372377
41780.07608 0.0002370689510283206
41793.5884 0.0002302407086030964
41807.10071 0.00022337970006901172
41820.61303 0.00021666156916525637
41834.12534 0.00021029825204027367
41847.63766 0.00020409112540417852
41861.14997 0.00019855099920152862
41874.66228 0.0001933548587630886
41888.1746 0.0001881059433323495
41901.68691 0.00018260643686688
41915.199229999995 0.0001776314788471545
41928.711540000005 0.0001731588552000107
41942.22386000001 0.00016892558224554133
41955.73617 0.00016443845646439405
41969.24849 0.00016034233208215177
41982.76079999999 0.00015625006112499886
41996.27311 0.00015200406661502065
42009.78543 0.00014799386908760485
42023.29774 0.0001443602474765003
42036.81006 0.00014090762673494181
42050.32237 0.00013755149757400237
42063.83469 0.00013475462104964883
42077.347 0.0001322534214020357
42090.85931 0.00012981252021623043
42104.37163 0.0001276786466400444
42117.88394 0.00012616419330330165
42131.39626 0.0001246741960098684
42144.908569999995 0.00012286269609629172
42158.42089 0.00012074526826712266
42171.93320000001 0.00011873263703892088
42185.44552 0.00011660636036416687
42198.95783 0.00011464707442382622
42212.47013999999 0.00011282111118725279
42225.982459999996 0.00011085173897214664
42239.49477 0.00010841772015042156
42253.00709 0.00010603433482032172
42266.5194 0.00010397990253475247
42280.03171999999 0.00010202060959566182
42293.54403 0.0001002018352616345
42307.056339999995 9.875590153560408e-05
42320.56866 9.75861697971046e-05
42334.08097000001 9.618243072921078e-05
42347.59329 9.46794485222467e-05
42361.1056 9.361384401413866e-05
42374.61792 9.265342494036599e-05
42388.13023 9.104260049808797e-05
42401.64255 8.849258784919772e-05
42415.15486 8.583254021336779e-05
42428.66717 8.336543462177725e-05
42442.17949 8.144650919614328e-05
42455.6918 8.029459255506995e-05
42469.20412000001 7.95020983798135e-05
42482.71643 7.864674707255712e-05
42496.22875 7.779374816556418e-05
42509.74105999999 7.734414122933225e-05
42523.253379999995 7.678803369474027e-05
42536.765690000005 7.554389635658082e-05
42550.278 7.369772053461793e-05
42563.79032 7.153912800835337e-05
42577.30263 6.921445761407657e-05
42590.81495 6.682516312707897e-05
42604.32726 6.484576472341788e-05
42617.83958 6.338037001756285e-05
42631.35189 6.22403100503209e-05
42644.8642 6.131708991801702e-05
42658.37652 6.086724221613774e-05
42671.88883 6.0697811609486884e-05
42685.401149999995 6.0362840274905295e-05
42698.913460000005 5.972357543684142e-05
42712.42578000001 5.8918397450994595e-05
42725.93809 5.7855168920588916e-05
42739.45041 5.6401258200998415e-05
42752.96271999999 5.4930674495977765e-05
42766.47503 5.362325595722961e-05
42779.98735 5.2240309648012995e-05
42793.49966 5.0733007222451095e-05
42807.01198 4.9791842374868534e-05
42820.52429 4.968256339098488e-05
42834.03661 4.98877685254176e-05
42847.54892 5.025113453371605e-05
42861.06123 5.087588816242458e-05
42874.57355 5.168265587964075e-05
42888.08586 5.2335774112111e-05
42901.59818 5.279247094668106e-05
42915.110489999995 5.301475234309045e-05
42928.62281 5.281424934346772e-05
42942.13512000001 5.22274025809217e-05
42955.64744 5.1356777552130186e-05
42969.15975 5.044916747942427e-05
42982.67206 4.942542804181892e-05
42996.18438 4.81063116844527e-05
43009.69669 4.687933248771551e-05
43023.20901 4.57793383509964e-05
43036.72132 4.4632440910184735e-05
43050.23363999999 4.355275215510546e-05
43063.74595 4.266225681635699e-05
43077.258259999995 4.1855844833148404e-05
43090.77058 4.094617565052292e-05
43104.28289000001 4.03291906035364e-05
43117.79521 3.9895977494158435e-05
43131.30752 3.9901916707372815e-05
43144.81984 3.998793617372972e-05
43158.33215 4.016510466345499e-05
43171.84447 4.04600758862411e-05
43185.35678 4.087847899428342e-05
43198.86909 4.105184394348001e-05
43212.38141 4.122108776443482e-05
43225.89372 4.15384637560066e-05
43239.40604000001 4.155082198935677e-05
43252.91835 4.1113961619211896e-05
43266.43067 4.0451041973201834e-05
43279.94297999999 3.9701415874766825e-05
43293.45529999999 3.896731337838179e-05
43306.967610000004 3.8184616430824095e-05
43320.47992 3.735344293730648e-05
43333.99224 3.657541516352295e-05
43347.50455 3.619532454215044e-05
43361.01687 3.623279480697963e-05
43374.52918 3.662113730069436e-05
43388.0415 3.710256799584383e-05
43401.55381 3.733319528701599e-05
43415.06612 3.7208963330128124e-05
43428.57844 3.702429345566094e-05
43442.09075 3.670294132737846e-05
43455.603069999995 3.616682940107924e-05
43469.115380000005 3.520936250960575e-05
43482.6277 3.392837172976869e-05
43496.14001 3.244066196518718e-05
43509.65233 3.129915094095057e-05
43523.16464 3.0686313008764365e-05
43536.67695 3.0502557695900678e-05
43550.18927 3.059689744115836e-05
43563.70158 3.0752375801177e-05
43577.2139 3.1024488057150954e-05
43590.72621 3.154612201576801e-05
43604.23853 3.230717086795948e-05
43617.75084 3.264106776408421e-05
43631.26315000001 3.2435517386142234e-05
43644.77547000001 3.1772948536055284e-05
43658.28778 3.0956425970828224e-05
43671.8001 3.001460182892689e-05
43685.312409999995 2.9299382034124535e-05
43698.82473 2.8745121313929873e-05
43712.33704 2.833008022004253e-05
43725.84936 2.778262335826846e-05
43739.36167 2.7457948476973534e-05
43752.87398 2.739982047094099e-05
43766.3863 2.771244481182057e-05
43779.89861 2.8076593791034565e-05
43793.41093 2.8443589418473324e-05
43806.92324 2.8560669774503096e-05
43820.43555999999 2.8385792025733132e-05
43833.94787 2.8277434071643857e-05
43847.460179999995 2.8374047142899532e-05
43860.9725 2.849995120653755e-05
43874.48481000001 2.8309105422782404e-05
43887.99713 2.7906621434040586e-05
43901.50944 2.7349290220472514e-05
43915.02176 2.683037322838941e-05
43928.53407 2.6244373274539914e-05
43942.04639 2.557533528522918e-05
43955.5587 2.483152827362535e-05
43969.07101 2.4449525660752437e-05
43982.58332999999 2.444407923156994e-05
43996.09564 2.4760776940121783e-05
44009.60796000001 2.496737419319359e-05
44023.12027 2.502616747712753e-05
44036.63259 2.519714979534374e-05
44050.14489999999 2.5411702615819595e-05
44063.65721999999 2.545748391973955e-05
44077.16953 2.5196172488795125e-05
44090.68184 2.475008651538186e-05
44104.19416 2.4348539277880724e-05
44117.70647 2.420331534743695e-05
44131.21879 2.456220364477133e-05
44144.7311 2.5071202992117413e-05
44158.24342 2.5614140183131104e-05
44171.75573000001 2.5888929447613038e-05
44185.26804 2.5865390368829686e-05
44198.78036 2.5585054248550598e-05
44212.29266999999 2.501610323193457e-05
44225.804989999995 2.4339839221145185e-05
44239.317300000005 2.3370191728072297e-05
44252.82962 2.2531437826052582e-05
44266.34193 2.1830828263747484e-05
44279.85425 2.1816151582417783e-05
44293.36656 2.2203515875575758e-05
44306.87887 2.295931189082147e-05
44320.39119 2.3829808422799364e-05
44333.9035 2.4800211744603574e-05
44347.41582 2.578371925050557e-05
44360.92813 2.671473692011476e-05
44374.44045 2.7851007578953132e-05
44387.95276 2.9018872885202787e-05
44401.46507000001 3.0183590808262033e-05
44414.97739000001 3.0939570374730346e-05
44428.4897 3.151376369757554e-05
44442.00202 3.170702108442203e-05
44455.51432999999 3.19109301834824e-05
44469.02665 3.176480724419175e-05
44482.53896 3.117651286762485e-05
44496.05128 2.9919116881555733e-05
44509.56359 2.845271127401998e-05
44523.0759 2.723352497945751e-05
44536.58822 2.6436443333726784e-05
44550.10053 2.613604768105255e-05
44563.61285 2.6013881827293745e-05
44577.12516 2.6441330600390474e-05
44590.63747999999 2.697132439845537e-05
44604.14979 2.7749164870240498e-05
44617.662110000005 2.8242685711591446e-05
44631.17442 2.8744777482536666e-05
44644.68673000001 2.8951662697981276e-05
44658.19905 2.8849801675598638e-05
44671.71136 2.8209001290093714e-05
44685.22368 2.724854269615241e-05
44698.73599 2.6565884156636713e-05
44712.24831000001 2.6278697461992242e-05
44725.76062 2.625095193648715e-05
44739.27293 2.58852055405705e-05
44752.78524999999 2.559292691391274e-05
44766.29756 2.518310742799477e-05
44779.809880000006 2.5156811268079317e-05
44793.32219 2.5166601975605366e-05
44806.83451 2.5358625454370658e-05
44820.34682 2.5077421943876446e-05
44833.85914 2.450701071686068e-05
44847.37145 2.398602233855243e-05
44860.88376 2.3610969488047563e-05
44874.39608 2.3670251407488898e-05
44887.90839 2.34604641053764e-05
44901.42071 2.318302699967483e-05
44914.93302 2.2735190145940637e-05
44928.44534 2.263854274580483e-05
44941.95765000001 2.2537839002965252e-05
44955.46996 2.254928541436426e-05
44968.98228 2.2534003328973176e-05
44982.49458999999 2.2575328074702093e-05
44996.006909999995 2.250179581631595e-05
45009.519220000005 2.2000905414833483e-05
45023.03154 2.1232801935094633e-05
45036.54385 2.0244194297256816e-05
45050.05617 1.9398730194562265e-05
45063.56848 1.8687446968951708e-05
45077.08079 1.8114281706020198e-05
45090.59311 1.7477814741635908e-05
45104.10542 1.710324337084014e-05
45117.61774 1.7161713730688314e-05
45131.13005 1.7585177915560833e-05
45144.64237 1.8497416269038085e-05
45158.154679999996 1.9494801461245535e-05
45171.66699000001 2.0379871393250447e-05
45185.17931 2.116462518432992e-05
45198.69162 2.2221544268751748e-05
45212.20394 2.3068283271287462e-05
45225.71624999999 2.3532785347608364e-05
45239.22857 2.3578662247140285e-05
45252.74088 2.3497407024410435e-05
45266.2532 2.3445527252813627e-05
45279.76551 2.3158795628287955e-05
45293.27782 2.2755628362926224e-05
45306.79014 2.214371178133546e-05
45320.30245 2.1959165050800207e-05
45333.81477 2.191043239891283e-05
45347.32708 2.2043989218113973e-05
45360.8394 2.2119050677331116e-05
45374.35171 2.20675179894005e-05
45387.864030000005 2.16538904153797e-05
45401.37634 2.0958842803920937e-05
45414.88865 2.0183054393329636e-05
45428.40097 1.920871247096144e-05
45441.91328 1.8306972126945678e-05
45455.425599999995 1.7367479807339877e-05
45468.937910000005 1.6605648801469924e-05
45482.45023000001 1.6369367927683483e-05
45495.96254 1.674380433265742e-05
45509.47485 1.725646449740074e-05
45522.98716999999 1.773206906384808e-05
45536.49948 1.8391092904989014e-05
45550.011800000005 1.8957603707725112e-05
45563.52411 1.951998034986178e-05
45577.03643 1.9841755635742883e-05
45590.54874 2.0037144408654158e-05
45604.06106 2.013699312127074e-05
45617.57337 2.0104412396716456e-05
45631.08568 1.994792563338261e-05
45644.598 1.9672219167824745e-05
45658.11031 1.9692069077122834e-05
45671.62263 1.949856276163409e-05
45685.13493999999 1.9221274276088252e-05
45698.64726 1.869637169083174e-05
45712.15957000001 1.8353391998312827e-05
45725.67188 1.8213621270181503e-05
45739.1842 1.789921334448732e-05
45752.69650999999 1.723610188431308e-05
45766.208829999995 1.6368624706184836e-05
45779.721140000005 1.5793415882099713e-05
45793.23346 1.53802278200043e-05
45806.74577 1.5240834055289006e-05
45820.25809 1.5299958656564448e-05
45833.7704 1.5261181271786835e-05
45847.28271 1.517833359572484e-05
45860.79503 1.5045981393571849e-05
45874.30734 1.5184896379086807e-05
45887.81966 1.548007499226536e-05
45901.33197 1.5835013509002226e-05
45914.84429 1.5548658002737686e-05
45928.356599999995 1.4846377256801942e-05
45941.868910000005 1.4620776354605066e-05
45955.38123 1.4885859050700987e-05
45968.89354 1.557238782004163e-05
45982.40586 1.592425073626814e-05
45995.91817 1.607713915133465e-05
46009.430490000005 1.606577316013138e-05
46022.9428 1.6286430600393767e-05
46036.45512 1.6541453293580805e-05
46049.96743 1.6615877945724424e-05
46063.47974 1.6822323596101686e-05
46076.99206 1.675814681045168e-05
46090.50437 1.65440370046561e-05
46104.01669 1.6103973745456576e-05
46117.52900000001 1.5686471839482594e-05
46131.04132 1.5259294881838522e-05
46144.55363 1.4467556611403563e-05
46158.065950000005 1.3446763856372477e-05
46171.57826 1.2190872251256949e-05
46185.09057 1.1470555484609794e-05
46198.60289 1.097627061961559e-05
46212.1152 1.058792382171342e-05
46225.62751999999 1.0229763399287188e-05
46239.139830000004 1.0005967977459818e-05
46252.65215000001 1.001697788836479e-05
46266.16446 9.827123272668062e-06
46279.67677 9.641336412764297e-06
46293.18908999999 9.40131975223088e-06
46306.7014 9.457340307174987e-06
46320.213720000005 9.651796312006196e-06
46333.72603 9.703767175853379e-06
46347.23835 9.801360871593704e-06
46360.75066 1.0089882704395703e-05
46374.26298 1.0754788019229304e-05
46387.77529 1.1137866320354836e-05
46401.2876 1.1213059715042426e-05
46414.79992 1.1098142605812375e-05
46428.31223 1.0854145739974903e-05
46441.82455 1.060615995990852e-05
46455.33685999999 1.0254378527909067e-05
46468.84918 9.922510595332744e-06
46482.36149000001 9.48628343386972e-06
46495.8738 9.178572068809535e-06
46509.38612 8.900018590929133e-06
46522.89842999999 8.59279080971418e-06
46536.410749999995 8.624853105823733e-06
46549.923060000005 8.837799677937033e-06
46563.43538 9.306542467020548e-06
46576.94769 9.69154305654055e-06
46590.46001 1.0099405413400297e-05
46603.97232 1.062642236157409e-05
46617.48463 1.0705992550523992e-05
46630.99695 1.0623057566597383e-05
46644.50926000001 1.0214200379992297e-05
46658.02158 9.81313260768354e-06
46671.53389 9.28438497795462e-06
46685.04621 8.613482767327176e-06
46698.558519999995 8.01938475454172e-06
46712.070830000005 7.544628211154179e-06
46725.58315 7.715973734526412e-06
46739.09546 7.965495397376205e-06
46752.60778 8.097220490755205e-06
46766.12009 8.135649663798572e-06
46779.632410000005 8.236786639354277e-06
46793.14472 8.765766565145907e-06
46806.65704 9.221917471814174e-06
46820.16935 9.606567871116132e-06
46833.68166 1.0107751784504456e-05
46847.19398 1.0558055570936343e-05
46860.70629 1.0982975513401267e-05
46874.21861 1.1212102971483367e-05
46887.73092 1.1463310354821597e-05
46901.24324 1.1778071540758006e-05
46914.75555 1.2322355878294344e-05
46928.267869999996 1.3067346184995162e-05
46941.78018 1.3468527480795998e-05
46955.29249 1.400644000449605e-05
46968.80481 1.460533713728726e-05
46982.31712 1.5065455665857777e-05
46995.82943999999 1.4729977247605667e-05
47009.34175 1.381320151033773e-05
47022.85407000001 1.2773909278196856e-05
47036.36638 1.1599034709618286e-05
47049.87869 1.0642371655516347e-05
47063.39100999999 9.817974038846012e-06
47076.90332 9.335337818521042e-06
47090.415640000005 9.526913476588848e-06
47103.92795 1.0165147990668834e-05
47117.44027 1.084633319367077e-05
47130.95258 1.1308904130462888e-05
47144.4649 1.1698242155059026e-05
47157.977209999995 1.2181993357451817e-05
47171.48952 1.2374162948478682e-05
47185.00184000001 1.2313222702047168e-05
47198.51415 1.1962298633731605e-05
47212.02647 1.1880649877723617e-05
47225.53877999999 1.2250982303036427e-05
47239.0511 1.2739530728787266e-05
47252.56341000001 1.3256546008288953e-05
47266.07572 1.3623057254500621e-05
47279.58804 1.4089947682784449e-05
47293.10035 1.4446156243479875e-05
47306.61267 1.4576499122045991e-05
47320.124980000005 1.4729118177474453e-05
47333.6373 1.4727380053428644e-05
47347.14961 1.4793992956697416e-05
47360.66193 1.453117439576539e-05
47374.17424 1.3920310685039345e-05
47387.68654999999 1.3319038625427014e-05
47401.19887 1.2838405738285526e-05
47414.71118000001 1.250184356139816e-05
47428.2235 1.19335179910223e-05
47441.73581 1.1246760032487187e-05
47455.24813 1.0684618606682087e-05
47468.760439999995 1.0479407311203063e-05
47482.27276 1.0520625851759671e-05
47495.78507 1.0528605739476471e-05
47509.29738 1.0644680316800683e-05
47522.8097 1.1044585563171849e-05
47536.32201 1.1502076357094177e-05
47549.834330000005 1.1948336678755713e-05
47563.34664 1.2216030548460854e-05
47576.85896 1.2398458384292695e-05
47590.37127 1.269459302961842e-05
47603.88358 1.2595230186038662e-05
47617.3959 1.2155274719418427e-05
47630.90821 1.1423046414650192e-05
47644.42053 1.0946560561355236e-05
47657.93284 1.0820960652736307e-05
47671.44516 1.0608241484077513e-05
47684.95747 1.0219224879844306e-05
47698.469789999995 9.599950922148272e-06
47711.9821 9.283524018655363e-06
47725.49441 9.139941604550548e-06
47739.00673 8.822871020945318e-06
47752.51904 8.368016475678798e-06
47766.03135999999 7.812286157247048e-06
47779.54367 7.617349919923551e-06
47793.05599000001 7.713244076328046e-06
47806.5683 7.80686620154371e-06
47820.08061000001 7.983579480360403e-06
47833.59293 8.204352136223302e-06
47847.10524 8.524208980702897e-06
47860.617560000005 8.726631250778446e-06
47874.12987 8.571616211280654e-06
47887.64219 8.340387533726289e-06
47901.1545 8.186075682344207e-06
47914.66682 8.108673432722375e-06
47928.179129999995 7.729672021039812e-06
47941.691440000005 7.185174290538004e-06
47955.20376000001 6.7755266016774536e-06
47968.71607 6.472891047276507e-06
47982.22839 6.384885212918103e-06
47995.74069999999 6.0536182014788246e-06
48009.25302 5.430660618397456e-06
48022.76533000001 4.912835427073125e-06
48036.27764 4.974745732501063e-06
48049.78996 5.136003331949986e-06
48063.30227 5.029816721449557e-06
48076.81459 4.816879983981587e-06
48090.3269 4.639804183146216e-06
48103.83922 4.6492924607044365e-06
48117.35153 4.701291878941378e-06
48130.86384999999 4.637315019601702e-06
48144.37616 4.3243001952984065e-06
48157.88846999999 4.277907079525241e-06
48171.40079 4.662410031916271e-06
48184.91310000001 5.068187126220265e-06
48198.42542 5.304103818098158e-06
48211.93773 5.317190125160888e-06
48225.45005 5.32646621938605e-06
48238.962359999995 5.1769947406767765e-06
48252.47468 4.882359076691555e-06
48265.98699 4.4317206707043774e-06
48279.4993 3.860070227711942e-06
48293.01162 3.395461235658921e-06
48306.52393 3.0861051577014377e-06
48320.036250000005 2.8546384834307862e-06
48333.54856 2.779061828229541e-06
48347.06088 3.153352329291345e-06
48360.57318999999 3.819116418733986e-06
48374.0855 4.565826887155383e-06
48387.59782 5.246436510701401e-06
48401.11013 5.96651504116453e-06
48414.62245 6.767921750277976e-06
48428.13476 7.691005776443844e-06
48441.64708 8.628976380739517e-06
48455.15939 9.18388244253197e-06
48468.671709999995 9.54141801024943e-06
48482.184020000005 9.829380562560589e-06
48495.69633 1.0061684679043415e-05
48509.20865 1.0155056881204106e-05
48522.72096 1.0067674688776079e-05
48536.23327999999 1.000293063877684e-05
48549.74559 1.0111555393908249e-05
48563.25791000001 1.0352683039470768e-05
48576.77022 1.0607070919832776e-05
48590.28253 1.0738991823348146e-05
48603.79485 1.0960346083113856e-05
48617.30716 1.131009056116471e-05
48630.81948 1.1572881549265962e-05
48644.33179 1.1628467293247045e-05
48657.84411 1.1352399999445061e-05
48671.35642 1.1082550941086213e-05
48684.86874 1.0928411388015428e-05
48698.381049999995 1.0675562005585118e-05
48711.893360000005 1.0252709711451716e-05
48725.40568000001 9.77487310151976e-06
48738.91799 9.574759054267988e-06
48752.43031 9.733225720633268e-06
48765.94261999999 9.778639608147975e-06
48779.454939999995 9.618802731308539e-06
48792.96725000001 9.215628840627539e-06
48806.47956 8.979774640393502e-06
48819.99188 9.022877786967383e-06
48833.50419 9.016047584022141e-06
48847.01651 8.764583132560356e-06
48860.528819999995 8.30972742938546e-06
48874.04114 8.109249888075001e-06
48887.55345 8.180933677635198e-06
48901.06576999999 8.238870481639703e-06
48914.57808 8.246416239702113e-06
48928.09038999999 8.174165324196102e-06
48941.60271 8.201768543564565e-06
48955.11502000001 8.304758667594026e-06
48968.62734 8.170572436521966e-06
48982.13965 7.880070038483093e-06
48995.65197 7.542871777914746e-06
49009.16428 7.636917393963136e-06
49022.67660000001 7.722320999583239e-06
49036.18891 7.631523915045564e-06
49049.70122 7.314219237111987e-06
49063.21354 7.071070335930958e-06
49076.72585 7.307864869554269e-06
49090.238170000005 7.530233933096032e-06
49103.75048 7.585440518465589e-06
49117.2628 7.109277507653729e-06
49130.77511 6.649806286029318e-06
49144.28742 6.312440977514577e-06
49157.79974 6.172138924714956e-06
49171.31205 6.060375877677217e-06
49184.82437 5.655385137072979e-06
49198.33668 5.3439581894406094e-06
49211.849 5.199988695689763e-06
49225.36131 5.37560677385607e-06
49238.873629999995 5.54572708931248e-06
49252.385940000005 5.724067398574908e-06
49265.89825 5.8804726482322985e-06
49279.41057 6.160629126054216e-06
49292.92288 6.467335389909228e-06
49306.43519999999 6.687063006396536e-06
49319.94751 6.7499489665807405e-06
49333.45983000001 6.633909470599924e-06
49346.97214 6.574315057897657e-06
49360.48445 6.711746076719347e-06
49373.99677 6.644416679758379e-06
49387.50908 6.288593194181322e-06
49401.0214 6.008824794098409e-06
49414.53371 5.9408508492550645e-06
49428.04603 6.1089119714151634e-06
49441.55834 6.093893419706926e-06
49455.07066 6.040568497358132e-06
49468.582969999995 5.734423167093497e-06
49482.095280000005 5.730937274540349e-06
49495.60760000001 5.874828031291945e-06
49509.11991 5.6239343397864114e-06
49522.63223 5.160450500454281e-06
49536.14453999999 4.601093994209103e-06
49549.656859999995 4.386625507710025e-06
49563.169170000005 4.278642327699346e-06
49576.68148 4.2920938818941255e-06
49590.1938 4.154428064650734e-06
49603.70611 3.971383171275295e-06
49617.21843 4.181040249723991e-06
49630.730739999995 4.5489671432948e-06
49644.24306 4.901524429060456e-06
49657.75537000001 4.97302431259784e-06
49671.26769 4.861000911718636e-06
49684.78 4.66134769650467e-06
49698.29230999999 4.509551170982991e-06
49711.80463 4.397590311841201e-06
49725.31694000001 4.183217625733126e-06
49738.82926 3.890703101013724e-06
49752.34157 3.666556330764776e-06
49765.85389 3.7036004900181586e-06
49779.3662 3.7421311610312e-06
49792.87852000001 3.4162780203360037e-06
49806.39083 3.0318597660758756e-06
49819.90314 2.631595251149742e-06
49833.41545999999 2.311751034052637e-06
49846.92777 1.946781809441904e-06
49860.44009 1.6199172848342683e-06
49873.9524 1.3080834019735137e-06
49887.46472 1.2297132037618384e-06
49900.97703 1.6351740002522762e-06
49914.48934 2.1352697933290995e-06
49928.00166 2.5976350930105393e-06
49941.513969999995 2.8822664009124616e-06
49955.02629 3.2449741796126978e-06
49968.5386 3.455659286094558e-06
49982.05092 3.543653629207386e-06
49995.56323 3.423824784514579e-06
50009.075549999995 3.234479668294125e-06
50022.587860000005 3.1004557338842635e-06
50036.10017 2.993239676435686e-06
50049.61249 3.1477034643185795e-06
50063.12479999999 3.171340169463195e-06
50076.63711999999 3.112129096732586e-06
50090.14943 3.0207346619046337e-06
50103.66175 3.1014702830067434e-06
50117.17406 3.2237918612520566e-06
50130.68637 3.086550674768147e-06
50144.19869 2.8744364148482723e-06
50157.711 2.4960797954137686e-06
50171.22332 2.230477240926452e-06
50184.73563 2.086024204519159e-06
50198.24795000001 2.045113422130988e-06
50211.76026 1.7832473272175758e-06
50225.27258 1.5486780888357607e-06
50238.784889999994 1.616862373279934e-06
50252.297200000005 1.7877240299227764e-06
50265.80952000001 1.819929832229301e-06
50279.32183 1.6004074838124195e-06
50292.83415 1.3685242188029725e-06
50306.34646 1.1450501223448211e-06
50319.85878 1.2377344090285402e-06
50333.37109 1.3053334610424285e-06
50346.88341 1.3938823940880798e-06
50360.39572 1.4323834759871817e-06
50373.90803 1.5809958041685445e-06
50387.42035 1.910866042049092e-06
50400.932659999995 2.171778216915898e-06
50414.44498 2.3823167753619067e-06
50427.95729000001 2.4117958770815347e-06
50441.46961 2.4026129451258652e-06
50454.98192 2.2522759758472314e-06
50468.49422999999 2.0973743848884747e-06
50482.00655 1.8282591060019416e-06
50495.51886000001 1.501515725846112e-06
50509.03118 1.2372356044887524e-06
50522.54349 1.0194499956834805e-06
50536.05581 8.222436411313237e-07
50549.56812 6.069179850069259e-07
50563.08044000001 3.69133707038053e-07
50576.59275 1.337482484110242e-07
50590.10506 2.2764283305801756e-08
50603.61737999999 7.097067620891188e-09
50617.12969 4.106797251220163e-08
50630.64201 4.1596263490177085e-08
50644.15432 4.148877736366918e-08
50657.66664 4.1380979465954864e-08
50671.17895 4.1272859004920315e-08
50684.69126 4.116440454962073e-08
50698.20358 4.104899314839318e-08
50711.715889999995 3.779918514669786e-08
50725.22821 4.113007673588693e-09
50738.74052 3.4724786677215005e-09
50752.25284 3.4659374965199686e-09
50765.76515 3.5134550694715174e-09
50779.277469999995 8.070758704106378e-09
50792.789780000005 5.9217631712306493e-08
50806.30209 1.1069223534082046e-07
50819.81441 1.9106063528002061e-07
50833.32671999999 2.763848750399933e-07
50846.83904 3.3638439138869605e-07
50860.35135 3.683126838157646e-07
50873.86367 4.104391949483316e-07
50887.37598 4.764331233932944e-07
50900.88829 4.2789436436787907e-07
50914.40061 3.766800583285165e-07
50927.91292 3.008219812405889e-07
50941.42524 3.2147918010832713e-07
50954.93755000001 4.364313197659062e-07
50968.44987000001 6.31164102407656e-07
50981.96218 7.868834694773368e-07
50995.4745 7.600823932362437e-07
