20004.663860000003 2.2116480851564188e-10
20020.74478 1.9946156358873857e-10
20036.8257 1.8096380828735212e-10
20052.90662 1.6533088723382844e-10
20068.98754 1.5178305272862845e-10
20085.06846 1.4089147706308003e-10
20101.14938 1.3154579818609461e-10
20117.2303 1.2312971852586686e-10
20133.31122 1.1662802129363583e-10
20149.39214 1.1134504555997102e-10
20165.47306 1.051217140044621e-10
20181.55398 1.0055381385874244e-10
20197.6349 9.524144756845546e-11
20213.71582 9.140448640161341e-11
20229.79674 8.77783094120537e-11
20245.877660000002 8.32673817061594e-11
20261.95858 8.029787739391161e-11
20278.03949 7.771457239667036e-11
20294.12041 7.540514052563273e-11
20310.20133 7.343827793215742e-11
20326.28225 7.1885192227368e-11
20342.36317 6.976081917838663e-11
20358.44409 6.885142247877481e-11
20374.52501 6.824847866122144e-11
20390.60593 6.804524422193126e-11
20406.68685 6.87312179853208e-11
20422.76777 6.888101399762545e-11
20438.848689999998 6.924788934719778e-11
20454.92961 6.984481643282756e-11
20471.01053 7.068515988478129e-11
20487.091449999997 7.236726792944804e-11
20503.172370000002 7.414995068839414e-11
20519.253290000004 7.598886057499656e-11
20535.33421 7.904458320887495e-11
20551.41513 8.177315407350099e-11
20567.49605 8.557963326180143e-11
20583.57697 8.947027029456742e-11
20599.65788 9.445508028983784e-11
20615.7388 9.983616988407233e-11
20631.819719999998 1.0568444981371351e-10
20647.90064 1.1246397620585217e-10
20663.98156 1.2029218049920551e-10
20680.06248 1.2908603942957868e-10
20696.1434 1.387744292242316e-10
20712.22432 1.4984301155165366e-10
20728.30524 1.6394763508083387e-10
20744.38616 1.7875391340585514e-10
20760.46708 1.97072581606845e-10
20776.548 2.169043180141917e-10
20792.62892 2.4127821082838505e-10
20808.70984 2.6935315558819453e-10
20824.790760000003 3.0020696763055105e-10
20840.87168 3.380292347813394e-10
20856.9526 3.82291118300171e-10
20873.033519999997 4.3404970719500905e-10
20889.11444 4.946644349896134e-10
20905.19536 5.669218919719307e-10
20921.27627 6.519144902946144e-10
20937.357189999997 7.539553157581221e-10
20953.438110000002 8.795885372877575e-10
20969.519030000003 1.0218281134581481e-09
20985.59995 1.1913960941541163e-09
21001.68087 1.3960895791723256e-09
21017.76179 1.6265258026973244e-09
21033.84271 1.900470185653806e-09
21049.92363 2.2110397668209355e-09
21066.004549999997 2.54111690841448e-09
21082.085470000003 2.9031794134992353e-09
21098.16639 3.27001033022136e-09
21114.24731 3.6260072357894154e-09
21130.32823 3.941434711012234e-09
21146.40915 4.1826798600224675e-09
21162.49007 4.3726047688368905e-09
21178.570989999996 4.459383558598408e-09
21194.651909999997 4.4825139444232104e-09
21210.732830000003 4.449437696396146e-09
21226.81375 4.366982923496329e-09
21242.89466 4.2375271491591216e-09
21258.97558 4.105782346231988e-09
21275.056500000002 3.966825371510787e-09
21291.13742 3.818033114580035e-09
21307.21834 3.678905785670928e-09
21323.299259999997 3.5400896712997802e-09
21339.38018 3.407313233300986e-09
21355.461100000004 3.2870015716141413e-09
21371.54202 3.191534063066294e-09
21387.62294 3.100293815632371e-09
21403.70386 3.0276079813241898e-09
21419.78478 2.9563705587180585e-09
21435.8657 2.9076906258415137e-09
21451.946619999998 2.8643076262993284e-09
21468.02754 2.8239189240515865e-09
21484.108460000004 2.7879126237964946e-09
21500.18938 2.757142767246118e-09
21516.2703 2.735372191778013e-09
21532.35122 2.7274226579617707e-09
21548.43214 2.7270914443228175e-09
21564.51305 2.740005854689882e-09
21580.59397 2.7526723352088506e-09
21596.67489 2.7806664620982698e-09
21612.75581 2.818560457352886e-09
21628.836729999996 2.852532602924247e-09
21644.91765 2.9006810966767323e-09
21660.998570000003 2.9532135711502616e-09
21677.07949 3.00824714387763e-09
21693.16041 3.0683782608987886e-09
21709.24133 3.127910230664205e-09
21725.32225 3.2054849464506667e-09
21741.40317 3.2881266019228434e-09
21757.484089999997 3.380064717021453e-09
21773.56501 3.4796108344585473e-09
21789.645930000003 3.5874218614735623e-09
21805.72685 3.707468701514987e-09
21821.80777 3.837627885670646e-09
21837.88869 3.9840872060771644e-09
21853.96961 4.151672014396793e-09
21870.05053 4.325323106786994e-09
21886.131449999997 4.5197740632249935e-09
21902.212359999997 4.735218424537958e-09
21918.29328 4.975603331211229e-09
21934.374200000004 5.242034493469478e-09
21950.45512 5.537784742898306e-09
21966.53604 5.88134530825396e-09
21982.61696 6.271147427407798e-09
21998.69788 6.716855968700301e-09
22014.7788 7.2505128262199596e-09
22030.85972 7.854154260741154e-09
22046.94064 8.554453616129447e-09
22063.02156 9.368600209976764e-09
22079.10248 1.032227337357055e-08
22095.183400000002 1.1468070910422175e-08
22111.26432 1.2817971239520718e-08
22127.34524 1.4456087070699658e-08
22143.426159999997 1.6498142738334664e-08
22159.50708 1.9005623528190268e-08
22175.588 2.2224537129380885e-08
22191.66892 2.6225666809764327e-08
22207.74984 3.1175347531607256e-08
22223.83075 3.711458956409615e-08
22239.911670000003 4.366738184084013e-08
22255.99259 4.9872219810871945e-08
22272.07351 5.504861702545308e-08
22288.15443 5.8576364090309255e-08
22304.23535 6.081466791397089e-08
22320.31627 6.245423560374141e-08
22336.397189999997 6.422853497186295e-08
22352.478110000003 6.670140437160748e-08
22368.55903 7.023199299325136e-08
22384.63995 7.50342518169991e-08
22400.72087 8.115389772653095e-08
22416.80179 8.91931773579982e-08
22432.88271 9.90313869172522e-08
22448.963629999996 1.112115191595776e-07
22465.044549999997 1.2590642081186896e-07
22481.125470000003 1.432307625823567e-07
22497.20639 1.6380345582709851e-07
22513.28731 1.8783821520148754e-07
22529.36823 2.1493150969076167e-07
22545.449140000002 2.4558630627537074e-07
22561.53006 2.791058483810086e-07
22577.61098 3.153887100978881e-07
22593.691899999997 3.534166484110146e-07
22609.77282 3.933088832032476e-07
22625.85374 4.3367934372454044e-07
22641.93466 4.7402678454582385e-07
22658.01558 5.138621159853981e-07
22674.096500000003 5.517916522739365e-07
22690.17742 5.880829386354282e-07
22706.25834 6.225834384285869e-07
22722.339259999997 6.54885590762661e-07
22738.42018 6.8613554529915e-07
22754.501100000004 7.155548326314082e-07
22770.58202 7.442797117641607e-07
22786.66294 7.714460148034006e-07
22802.74386 7.98274251303561e-07
22818.82478 8.271105478447971e-07
22834.9057 8.583823893708138e-07
22850.98662 8.931526386678331e-07
22867.06753 9.341246206220448e-07
22883.14845 9.814496287419687e-07
22899.229369999996 1.0381635566981212e-06
22915.31029 1.105517034677255e-06
22931.391210000003 1.1852046660074948e-06
22947.47213 1.2798792618814456e-06
22963.55305 1.3913016060249233e-06
22979.63397 1.520843331228131e-06
22995.71489 1.67377677820035e-06
23011.79581 1.8468864551249534e-06
23027.876729999996 2.049413551231561e-06
23043.95765 2.2863654159443632e-06
23060.038570000003 2.5655964001610414e-06
23076.11949 2.899317254218379e-06
23092.20041 3.2935770321136496e-06
23108.28133 3.7730034486100373e-06
23124.36225 4.360254365125326e-06
23140.44317 5.072254023218875e-06
23156.524089999997 5.971306320691303e-06
23172.605010000003 7.084857865439833e-06
23188.68592 8.43280190673103e-06
23204.766840000004 1.0048718211618646e-05
23220.84776 1.1903595083207487e-05
23236.92868 1.3974168646606163e-05
23253.0096 1.6157275965890423e-05
23269.09052 1.8433611614353802e-05
23285.17144 2.0729344595642708e-05
23301.252359999998 2.302706615243987e-05
23317.33328 2.5349097289189265e-05
23333.4142 2.761460930486969e-05
23349.49512 2.981323179555757e-05
23365.576040000002 3.176992769167965e-05
23381.65696 3.348295448547853e-05
23397.73788 3.4786025310465734e-05
23413.818799999997 3.569557993678711e-05
23429.89972 3.6256886133527856e-05
23445.98064 3.650903186720965e-05
23462.06156 3.660844668702129e-05
23478.14248 3.664927900094542e-05
23494.223400000003 3.675174956664813e-05
23510.304310000003 3.6972802299219855e-05
23526.38523 3.732278900705686e-05
23542.46615 3.7895476456029194e-05
23558.547069999998 3.8634380882696866e-05
23574.62799 3.959914641203749e-05
23590.70891 4.067054374182814e-05
23606.789829999997 4.1965300250756165e-05
23622.870750000002 4.3285810669444554e-05
23638.95167 4.4673347924775766e-05
23655.03259 4.598820567796852e-05
23671.11351 4.71860308033905e-05
23687.19443 4.8233283738854187e-05
23703.27535 4.901906147521996e-05
23719.35627 4.951870608178945e-05
23735.437189999997 4.9744076625416736e-05
23751.518110000003 4.954109036386951e-05
23767.59903 4.9133388108047604e-05
23783.67995 4.867189004760884e-05
23799.76087 4.822085492550732e-05
23815.84179 4.784964386745666e-05
23831.92271 4.747583212119736e-05
23848.00362 4.715166885607252e-05
23864.084539999997 4.6879200082582714e-05
23880.16546 4.6686797282379236e-05
23896.24638 4.6473379654292406e-05
23912.3273 4.629834438669035e-05
23928.40822 4.616544485139009e-05
23944.489140000003 4.6097030340948046e-05
23960.57006 4.6075558843515465e-05
23976.65098 4.6064764542379124e-05
23992.731899999997 4.609171171287695e-05
24008.81282 4.611034571054013e-05
24024.893740000004 4.610170635483431e-05
24040.97466 4.6064044839213334e-05
24057.05558 4.594376567994458e-05
24073.1365 4.573306654161544e-05
24089.21742 4.5441068541172535e-05
24105.29834 4.514886558020351e-05
24121.379259999998 4.485676408850929e-05
24137.46018 4.45994437168754e-05
24153.5411 4.44204813449565e-05
24169.62201 4.431856888446653e-05
24185.70293 4.4311185166380624e-05
24201.783850000003 4.4380533404252176e-05
24217.86477 4.456885658293426e-05
24233.94569 4.4693955480029244e-05
24250.02661 4.4755606217200056e-05
24266.10753 4.47562041918539e-05
24282.18845 4.4657544950058037e-05
24298.269369999996 4.4460180617541144e-05
24314.35029 4.419633803573227e-05
24330.431210000003 4.395942676694926e-05
24346.51213 4.374935503958229e-05
24362.59305 4.3598346747902796e-05
24378.673969999998 4.353332246392022e-05
24394.75489 4.355673930073219e-05
24410.83581 4.368409765403164e-05
24426.916729999997 4.3913417506742745e-05
24442.997650000002 4.424173671719261e-05
24459.078570000004 4.457685219825476e-05
24475.15949 4.48545272903019e-05
24491.2404 4.509892694827959e-05
24507.32132 4.5277446509041885e-05
24523.40224 4.537885613656092e-05
24539.48316 4.540167388876829e-05
24555.56408 4.5377571378337584e-05
24571.644999999998 4.532732092398166e-05
24587.72592 4.526959171877996e-05
24603.80684 4.523670717033912e-05
24619.88776 4.522435722065087e-05
24635.96868 4.525655145593967e-05
24652.0496 4.537636649885524e-05
24668.13052 4.5593912203776933e-05
24684.21144 4.5886756651186626e-05
24700.29236 4.6254932012490996e-05
24716.37328 4.671509820625833e-05
24732.4542 4.727217483520209e-05
24748.53512 4.7930239427702216e-05
24764.616040000003 4.8618968882119894e-05
24780.69696 4.9360559689515344e-05
24796.77788 5.0050901090097534e-05
24812.85879 5.063321525463328e-05
24828.939709999998 5.110214594020633e-05
24845.02063 5.1436939353430666e-05
24861.10155 5.159991066870069e-05
24877.182469999997 5.160790145709542e-05
24893.26339 5.143715332794263e-05
24909.344310000003 5.111167094916725e-05
24925.42523 5.072971069518289e-05
24941.50615 0.0009732667728588654
24957.58707 0.001015106751910435
24973.66799 0.0010558963565770758
24989.74891 0.0010953644515066263
24997.78162 0.0011341100192092184
25011.293930000003 0.0011714629927858454
25024.80624 0.0012077191441867098
25038.318559999997 0.0012425154413871562
25051.83087 0.00035185305446017287
25065.34319 0.0003411811300083942
25078.8555 0.0003304957352136174
25092.36782 0.0003199956272910749
25105.88013 0.00030819670153528673
25119.39244 0.0002966281596684076
25132.904760000003 0.0002845449276646725
25146.41707 0.00027258888782931613
25159.92939 0.00026109507522839787
25173.4417 0.00024972116201247804
25186.954019999996 0.00023775810592820324
25200.466329999998 0.00022536799225679292
25213.97865 0.00021392737036642594
25227.49096 0.0002023865590089423
25241.00327 0.00019082327949968922
25254.51559 0.00017942190967295657
25268.0279 0.00016765117992567456
25281.540220000003 0.00015623803566820052
25295.05253 0.00014568934002439637
25308.564849999997 0.000135666219805375
25322.07716 0.00012566356632718272
25335.58948 0.00011599236800237313
25349.10179 0.00010666835981840852
25362.614100000003 9.780424766422883e-05
25376.12642 8.95890966546721e-05
25389.63873 8.167258288489913e-05
25403.151050000004 7.398465645546078e-05
25416.663359999996 6.718066113297271e-05
25430.175680000002 6.0587276568329186e-05
25443.68799 5.4371067640835084e-05
25457.2003 4.86477215166665e-05
25470.71262 4.367366193657572e-05
25484.22493 3.911965549001263e-05
25497.73725 3.5094892999618255e-05
25511.24956 3.098154976806375e-05
25524.76188 2.697664711907495e-05
25538.27419 2.4017891775936405e-05
25551.786510000003 2.135630822927182e-05
25565.29882 1.9454956463619586e-05
25578.81113 1.6593255675342665e-05
25592.32345 1.422132067722787e-05
25605.83576 1.249814927616456e-05
25619.34808 1.1453569567250308e-05
25632.860390000003 1.0107098981001653e-05
25646.37271 8.743250070514556e-06
25659.88502 7.574575195111101e-06
25673.39733 6.3604505315993e-06
25686.909649999996 6.024770330736721e-06
25700.421959999997 5.615601215264803e-06
25713.93428 4.845382412067726e-06
25727.44659 4.360642429819479e-06
25740.95891 4.0885660038604e-06
25754.47122 3.8067527860713043e-06
25767.98354 3.4413402126503122e-06
25781.495850000002 3.2464122413053145e-06
25795.008160000004 3.0132908145046423e-06
25808.52048 2.8846618516201606e-06
25822.03279 3.068268347937067e-06
25835.54511 2.876175958421891e-06
25849.05742 2.7499494616296117e-06
25862.56974 2.5997421675491933e-06
25876.08205 2.5996959784928134e-06
25889.59437 2.368095230798095e-06
25903.10668 2.395250458869687e-06
25916.61899 2.5325728151734193e-06
25930.13131 2.4051298820561454e-06
25943.64362 2.2362043431450862e-06
25957.155939999996 2.055900539542102e-06
25970.668249999997 1.7717437369414597e-06
25984.18057 1.5964595127940057e-06
25997.69288 1.5460787498108881e-06
26011.20519 1.7053312618418186e-06
26024.71751 1.767517851997406e-06
26038.22982 1.6987716104896703e-06
26051.742140000003 2.0748112690886887e-06
26065.254450000004 2.300189708510584e-06
26078.76677 2.425435385009992e-06
26092.27908 2.539052118410279e-06
26105.7914 2.7459468924535392e-06
26119.30371 2.6755929364905825e-06
26132.81602 2.3164990775171065e-06
26146.32834 2.226598341563487e-06
26159.84065 1.750194749955915e-06
26173.35297 1.6621436729213933e-06
26186.86528 1.5961528244742063e-06
26200.3776 1.4994946701125094e-06
26213.88991 1.5057707417177513e-06
26227.40222 1.3598825762712068e-06
26240.914539999998 1.2860173923066382e-06
26254.42685 1.289717183128235e-06
26267.93917 1.5586132137539705e-06
26281.45148 1.5230815312567847e-06
26294.9638 1.5098999951876735e-06
26308.47611 1.6525413878614617e-06
26321.988430000003 1.639387119377652e-06
26335.500740000004 1.8221332900342165e-06
26349.01305 1.9765169598060796e-06
26362.52537 1.8157539984480705e-06
26376.03768 1.619519487790706e-06
26389.549999999997 1.8582460852830291e-06
26403.06231 1.8925835765563838e-06
26416.57463 1.6654688063222386e-06
26430.08694 1.6488310292246168e-06
26443.599250000003 1.5342181629498141e-06
26457.11157 1.4895334226692011e-06
26470.623879999997 1.6557764523537663e-06
26484.1362 1.7575816176921886e-06
26497.64851 1.680816767145026e-06
26511.16083 1.6746882926279791e-06
26524.67314 1.6852333363319325e-06
26538.18546 1.703087978445587e-06
26551.697770000002 1.8725044787699763e-06
26565.210080000004 1.9932209151512034e-06
26578.7224 2.208473221033025e-06
26592.23471 2.2169704664345782e-06
26605.747030000004 2.2723225638539062e-06
26619.259339999997 2.7217352810455383e-06
26632.77166 3.3062424384882084e-06
26646.28397 3.415944050058503e-06
26659.796289999997 3.0286007887166153e-06
26673.3086 2.8851749369686203e-06
26686.82091 2.4830462689228554e-06
26700.33323 2.228657942173977e-06
26713.845540000003 2.048185563756504e-06
26727.35786 2.0612476479142844e-06
26740.870169999997 1.5111469971373086e-06
26754.38249 1.1421613434837713e-06
26767.8948 1.1069957876805704e-06
26781.40711 1.128979675945354e-06
26794.91943 1.405778578360383e-06
26808.43174 1.6615944098466184e-06
26821.944060000003 1.6474432399112452e-06
26835.456370000004 1.0774118769386704e-06
26848.96869 1.037009561553039e-06
26862.481 1.09262032584318e-06
26875.993319999996 1.2048202076072638e-06
26889.505629999997 1.2226580105704209e-06
26903.01794 1.023155392224812e-06
26916.53026 8.067194978871883e-07
26930.04257 6.370986539053841e-07
26943.55489 6.329562473232958e-07
26957.0672 7.950998868468715e-07
26970.57952 9.20382820340146e-07
26984.091830000003 9.211112928160305e-07
26997.60414 7.997796799135294e-07
27011.116459999998 8.806882779580498e-07
27024.62877 1.0955066314757047e-06
27038.14109 1.4505308836068295e-06
27051.6534 1.5892540425094595e-06
27065.16572 1.4845234789821777e-06
27078.67803 1.5090871479981222e-06
27092.190350000003 1.5195982902060386e-06
27105.702660000004 1.655887372985371e-06
27119.214969999996 1.6844525363855918e-06
27132.72729 1.4303338437324657e-06
27146.2396 1.1496850360431872e-06
27159.751919999997 1.0058613472947946e-06
27173.26423 9.70590426681822e-07
27186.77655 8.19363743235895e-07
27200.28886 9.684352001525385e-07
27213.801170000003 9.779536873312666e-07
27227.31349 8.622347306249202e-07
27240.825799999997 1.0091793262534223e-06
27254.338120000003 1.148152577257684e-06
27267.85043 1.318796980855721e-06
27281.362749999998 1.4097013518787191e-06
27294.87506 1.5290932435627694e-06
27308.38738 1.3642103493085093e-06
27321.89969 1.2282804243367783e-06
27335.412000000003 1.1667029282074138e-06
27348.92432 1.3634800685051604e-06
27362.43663 1.296066505732461e-06
27375.94895 1.2473012363382617e-06
27389.461259999996 1.1901567824418778e-06
27402.97358 1.1393886965666546e-06
27416.48589 1.1676736021282573e-06
27429.998209999997 1.3760813944536142e-06
27443.51052 1.7623915997340828e-06
27457.02283 1.46422080687073e-06
27470.53515 1.4027121280808475e-06
27484.047460000003 1.327774512228395e-06
27497.55978 1.2725244903977324e-06
27511.072089999997 1.2460605144709064e-06
27524.584410000004 1.2475865678607255e-06
27538.09672 1.072567489280617e-06
27551.60903 8.365718428559047e-07
27565.12135 8.050074857917992e-07
27578.63366 8.057899195929281e-07
27592.145980000002 7.234026993548942e-07
27605.65829 7.122669007918519e-07
27619.17061 7.238508999218602e-07
27632.682920000002 7.451975071139354e-07
27646.19524 8.755380353781782e-07
27659.707549999997 9.185778089348101e-07
27673.21986 1.0842743281163169e-06
27686.73218 1.0418483441174483e-06
27700.24449 1.2468862679499796e-06
27713.75681 1.5279906855235382e-06
27727.26912 1.5927248319799462e-06
27740.78144 1.63375730294961e-06
27754.293750000003 1.4555120022916821e-06
27767.80606 1.2461666941412126e-06
27781.318379999997 1.1552696916037187e-06
27794.83069 1.3741439221511615e-06
27808.34301 1.4081248521836893e-06
27821.85532 1.178935126946447e-06
27835.36764 1.0329892071668998e-06
27848.87995 1.0418009038492201e-06
27862.39227 1.2986705573571406e-06
27875.90458 1.5506202228057222e-06
27889.41689 1.4904248426565495e-06
27902.929210000003 1.2453343624844354e-06
27916.44152 1.0908574641290644e-06
27929.953839999997 1.1250829423957365e-06
27943.46615 1.0906555053075778e-06
27956.97847 8.740843419675667e-07
27970.49078 6.115000803711013e-07
27984.003090000003 7.094869089566353e-07
27997.51541 8.647965312561996e-07
28011.02772 9.746651554596372e-07
28024.540040000003 1.0725863433311215e-06
28038.05235 1.1149895563586904e-06
28051.564669999998 1.1946332268629182e-06
28065.07698 1.2782877362782682e-06
28078.5893 1.4136020914724769e-06
28092.101609999998 1.2884232215675645e-06
28105.61392 1.2909896031751424e-06
28119.12624 1.386730636956179e-06
28132.63855 1.4737113663641828e-06
28146.15087 1.4703554442908178e-06
28159.663179999996 1.5402849947144845e-06
28173.175500000003 1.6814147858070836e-06
28186.68781 1.5062432666699233e-06
28200.200129999997 1.3366542613460388e-06
28213.71244 1.3071047108563375e-06
28227.22475 1.24121259850509e-06
28240.73707 9.672509916922131e-07
28254.249380000003 9.311774765267669e-07
28267.7617 9.755911469297952e-07
28281.27401 7.882867231556249e-07
28294.786330000004 8.575168462988444e-07
28308.29864 8.478459999854109e-07
28321.810949999997 6.635776507566904e-07
28335.32327 7.605877933562401e-07
28348.83558 8.688071694764962e-07
28362.3479 7.44557267881975e-07
28375.86021 5.465479680830674e-07
28389.37253 5.440606129142697e-07
28402.884840000002 5.291402776641778e-07
28416.39716 5.730998725770192e-07
28429.909469999997 7.614717509713988e-07
28443.421779999998 5.716319241288976e-07
28456.9341 5.555492512761651e-07
28470.44641 7.376562725236105e-07
28483.95873 9.537996225267412e-07
28497.47104 1.0613078030359624e-06
28510.98336 1.0792630573593985e-06
28524.495670000003 9.878800767353417e-07
28538.007980000004 8.041015372751648e-07
28551.5203 8.288169471612149e-07
28565.03261 7.588400610060023e-07
28578.544929999996 6.423579359969302e-07
28592.057239999997 4.607539089821802e-07
28605.56956 3.5561324910019566e-07
28619.08187 2.7970696343459175e-07
28632.59419 3.422655745655611e-07
28646.1065 4.1859572579989e-07
28659.61881 4.562115422982848e-07
28673.131130000002 5.687933016342611e-07
28686.64344 7.404807332828116e-07
28700.155759999997 8.500705640610062e-07
28713.66807 9.678940984083034e-07
28727.18039 1.0696788765423344e-06
28740.6927 1.0073687852262682e-06
28754.205010000002 9.258700826104219e-07
28767.71733 8.593613772421554e-07
28781.22964 8.325193826985236e-07
28794.741960000003 6.952323257849789e-07
28808.254270000004 6.464394511244433e-07
28821.76659 6.474583627939225e-07
28835.2789 7.037936644160297e-07
28848.791219999996 7.115632479608684e-07
28862.303529999997 7.686086625600424e-07
28875.81584 7.266755621777474e-07
28889.32816 6.169448446230035e-07
28902.84047 5.598393965368192e-07
28916.35279 4.873191873692344e-07
28929.8651 4.244505433601243e-07
28943.377420000003 3.083848503455217e-07
28956.88973 2.9964258340267327e-07
28970.402049999997 2.524613196008109e-07
28983.91436 2.907580845354589e-07
28997.42667 3.099706504134562e-07
29010.93899 2.577060903627051e-07
29024.451300000003 2.3569478068382552e-07
29037.96362 1.6580650861156034e-07
29051.47593 2.9887868106957335e-07
29064.988250000003 5.010156070076685e-07
29078.50056 7.353704363301299e-07
29092.012869999997 8.281683675289073e-07
29105.52519 8.045107346374578e-07
29119.0375 8.034444955936359e-07
29132.549819999998 8.0277692361782e-07
29146.06213 7.786132708779013e-07
29159.57445 8.416065583030379e-07
29173.08676 8.983109873873717e-07
29186.59908 9.003720968232227e-07
29200.11139 8.802143451975157e-07
29213.623699999998 1.0000614098627878e-06
29227.13602 1.2701165782029604e-06
29240.64833 1.365568912923848e-06
29254.16065 1.5238431191858729e-06
29267.67296 1.4454672577264155e-06
29281.18528 1.341261263373055e-06
29294.697590000003 1.2919865930206837e-06
29308.2099 1.3136082688767531e-06
29321.72222 1.4066342364740368e-06
29335.23453 1.2510584163347924e-06
29348.74685 1.3807980622415153e-06
29362.259159999997 1.527149267078599e-06
29375.77148 1.5534078904118307e-06
29389.28379 1.4439182752312715e-06
29402.79611 1.3783843906629915e-06
29416.30842 1.3892573029676901e-06
29429.82073 1.2724897189682394e-06
29443.333050000002 1.2897668536626744e-06
29456.845360000004 1.2304840458502552e-06
29470.35768 1.234532082490649e-06
29483.86999 1.2922276293780353e-06
29497.38231 1.4200231901838229e-06
29510.89462 1.3809457963939407e-06
29524.40694 1.2886548843658724e-06
29537.91925 1.3099462666186177e-06
29551.43156 1.322266325332521e-06
29564.94388 1.3940381988164167e-06
29578.45619 1.3712885464370498e-06
29591.96851 1.3506883679851953e-06
29605.48082 1.285850560965396e-06
29618.993139999996 1.3059023514434906e-06
29632.505449999997 1.3330249731135226e-06
29646.01776 1.303018640821824e-06
29659.53008 1.224620862598363e-06
29673.04239 1.1573443422325085e-06
29686.55471 1.0545122511876655e-06
29700.06702 1.0193260151096162e-06
29713.579340000003 1.108032879704531e-06
29727.091650000004 1.2043437667137131e-06
29740.60397 1.3933909331830105e-06
29754.11628 1.4427953510219337e-06
29767.62859 1.4662870571645342e-06
29781.14091 1.4759042289806547e-06
29794.65322 1.4164781291273953e-06
29808.16554 1.3470347976587486e-06
29821.67785 1.2604262345515933e-06
29835.19017 1.2019500402250242e-06
29848.70248 9.825614486488514e-07
29862.214789999997 8.993985276310932e-07
29875.72711 1.004271335561023e-06
29889.23942 1.05507345900305e-06
29902.751739999998 9.650331024057964e-07
29916.26405 1.0317685442230513e-06
29929.77637 1.1455395869130468e-06
29943.28868 1.2433785195665494e-06
29956.801 1.3504106418657272e-06
29970.31331 1.3471979695980128e-06
29983.825619999998 1.1781179473966232e-06
29997.337940000004 1.0225931545965085e-06
30010.85025 1.1568562481913375e-06
30024.36257 1.2050483878520018e-06
30037.87488 1.1924207762099365e-06
30051.387199999997 9.654988235460747e-07
30064.89951 7.972897218362676e-07
30078.41182 7.737682116332186e-07
30091.92414 8.59395241202228e-07
30105.436450000003 9.559765274992687e-07
30118.94877 9.285315013566438e-07
30132.461079999997 8.731804124073111e-07
30145.9734 8.566247087981305e-07
30159.48571 9.284658535138146e-07
30172.99803 9.600056271047664e-07
30186.51034 9.787287865096403e-07
30200.02265 9.849035929278615e-07
30213.53497 9.742370034075353e-07
30227.047280000003 1.027045463565936e-06
30240.5596 9.64365333707646e-07
30254.071909999998 8.731782809983106e-07
30267.584230000004 9.302131725519929e-07
30281.096539999997 1.0665807547943483e-06
30294.60886 1.2587945887000996e-06
30308.12117 1.3107556586145526e-06
30321.63348 1.2969734182311294e-06
30335.1458 1.1422006927875054e-06
30348.65811 1.1176322591156534e-06
30362.17043 1.2181199814797616e-06
30375.682740000003 1.195265534294595e-06
30389.19506 1.2154881884541932e-06
30402.707369999997 1.1026659686850996e-06
30416.21968 1.1014972993691378e-06
30429.732 1.2858875505845364e-06
30443.24431 1.5591316550022662e-06
30456.75663 1.818834450873322e-06
30470.26894 1.8894591274631753e-06
30483.781260000002 1.9574139564986927e-06
30497.293570000004 1.959003445612845e-06
30510.80589 2.0765605905027925e-06
30524.3182 2.192624430430048e-06
30537.83051 2.213354694933049e-06
30551.342829999997 2.134922913530943e-06
30564.85514 1.903455140396414e-06
30578.36746 1.808254165805399e-06
30591.87977 1.8232557697533548e-06
30605.39209 1.8773212678652164e-06
30618.9044 1.919397429983708e-06
30632.41671 1.979600827840811e-06
30645.929030000003 1.8523648115354012e-06
30659.44134 1.6906360792286304e-06
30672.953659999997 1.6632343495262675e-06
30686.46597 1.6301472193553428e-06
30699.97829 1.6348105182921809e-06
30713.4906 1.4718756210820527e-06
30727.00292 1.32390295072662e-06
30740.51523 1.2161130899061821e-06
30754.02754 1.2049255859079247e-06
30767.539860000004 1.322480582165224e-06
30781.052169999996 1.4521406948095094e-06
30794.56449 1.4254898827694749e-06
30808.0768 1.3567222720445937e-06
30821.589119999997 1.3423527514577587e-06
30835.10143 1.2798643537792407e-06
30848.61374 1.1850957173715996e-06
30862.12606 1.063243983134964e-06
30875.638370000003 1.0110417940873993e-06
30889.15069 9.850273950329062e-07
30902.662999999997 1.3001094149149e-06
30916.175320000003 1.5965526487312868e-06
30929.68763 1.831369796082242e-06
30943.199949999998 2.065651421243562e-06
30956.71226 2.1491239065161806e-06
30970.22457 2.249760463209266e-06
30983.73689 2.2459910069191137e-06
30997.249200000003 2.2696444281781675e-06
31010.76152 1.9899376340776413e-06
31024.27383 1.6831846334446301e-06
31037.78615 1.5008508357955557e-06
31051.298459999996 1.3520808486620125e-06
31064.81078 1.426333679584757e-06
31078.32309 1.4125945758443946e-06
31091.8354 1.413850357756287e-06
31105.34772 1.3793983835659116e-06
31118.86003 1.4452172462882542e-06
31132.37235 1.4876588586293516e-06
31145.884660000003 1.421053507128469e-06
31159.39698 1.356607168201186e-06
31172.909289999997 1.235075960511022e-06
31186.4216 1.302328114295414e-06
31199.93392 1.4592732491341569e-06
31213.44623 1.582519612852983e-06
31226.95855 1.7678373443666767e-06
31240.47086 2.054926699887633e-06
31253.983180000002 2.4035722382506553e-06
31267.49549 2.811057530300403e-06
31281.00781 3.169469650942734e-06
31294.520120000002 3.3692138182814803e-06
31308.03243 3.4916902017311176e-06
31321.544749999997 3.6145946897535254e-06
31335.05706 3.6821583008871417e-06
31348.56938 3.761107285972475e-06
31362.08169 3.814786473781925e-06
31375.59401 3.854394881031373e-06
31389.10632 3.978839578451233e-06
31402.61863 4.172989169887069e-06
31416.130950000003 4.298018694983539e-06
31429.64326 4.606731756610937e-06
31443.155579999997 4.713317936720747e-06
31456.66789 4.69126524386979e-06
31470.18021 4.855699013339779e-06
31483.69252 4.932717668990919e-06
31497.20484 4.603259625661944e-06
31510.71715 4.458783455576558e-06
31524.22946 4.7143257469383735e-06
31537.74178 4.732486996080476e-06
31551.25409 4.548902011728869e-06
31564.766410000002 4.372861437715685e-06
31578.27872 4.125494095252732e-06
31591.791039999997 3.9001132799739165e-06
31605.30335 4.031830650963583e-06
31618.81566 4.027678825804138e-06
31632.32798 3.5401683463657003e-06
31645.840290000002 2.9309303197572125e-06
31659.35261 2.7192336376976804e-06
31672.86492 2.5040365679870406e-06
31686.377240000003 2.2678996000646923e-06
31699.88955 2.0135121760222973e-06
31713.401869999998 1.6775540772382297e-06
31726.91418 1.3104824757138409e-06
31740.42649 1.1150982891000773e-06
31753.938809999998 9.704477963917807e-07
31767.45112 7.838611128645562e-07
31780.96344 6.520651095081807e-07
31794.47575 5.06132731612514e-07
31807.98807 4.1014892202579576e-07
31821.50038 3.825006549237541e-07
31835.012700000003 2.6418191177534836e-07
31848.52501 1.5525713494273026e-07
31862.03732 2.295234252006594e-07
31875.54964 4.508501358448356e-07
31889.06195 6.396181653309339e-07
31902.57427 8.208069301959101e-07
31916.086580000003 1.00147684669121e-06
31929.5989 1.2136597809084982e-06
31943.11121 1.4192733864006088e-06
31956.62352 1.5690891998940516e-06
31970.13584 1.7114456673206375e-06
31983.648149999997 1.8374036699848535e-06
31997.16047 1.9939220332072637e-06
32010.67278 2.0280592469548233e-06
32024.185099999998 2.0990460347561786e-06
32037.69741 2.1760345772259083e-06
32051.20973 2.4905526462477265e-06
32064.72204 2.662352644105416e-06
32078.23435 2.700616998145723e-06
32091.74667 2.640222038716307e-06
32105.258979999998 2.506100788821541e-06
32118.7713 2.4412057745735552e-06
32132.28361 2.4706469210494874e-06
32145.79593 2.4514647993770013e-06
32159.30824 2.237955284264592e-06
32172.82055 2.2440485810568604e-06
32186.332870000003 2.3025823287793246e-06
32199.845180000004 2.214944513480758e-06
32213.3575 2.188239047083058e-06
32226.86981 2.2722537012342253e-06
32240.382129999996 2.093506052785429e-06
32253.894439999997 1.93533604178412e-06
32267.40676 1.8854140493076367e-06
32280.91907 1.7665282659503175e-06
32294.43138 1.6148488582918716e-06
32307.9437 1.648215979340677e-06
32321.45601 1.6643336749791433e-06
32334.968330000002 1.587783326347146e-06
32348.48064 1.7020569588350376e-06
32361.992959999997 1.7480915515140853e-06
32375.50527 1.6851682451783543e-06
32389.01759 1.7993596380517897e-06
32402.5299 2.02980434728656e-06
32416.042210000002 2.1278830289226284e-06
32429.55453 2.43341200980326e-06
32443.06684 2.8164456117662538e-06
32456.579160000003 3.0369000851504444e-06
32470.091470000004 3.142738642162658e-06
32483.60379 3.3115639844129383e-06
32497.1161 3.482487051947347e-06
32510.62841 3.495579681919324e-06
32524.140729999997 3.5664502004881043e-06
32537.65304 3.5818412565680448e-06
32551.16536 3.452219042637682e-06
32564.67767 3.16147802275806e-06
32578.18999 2.9595390851517608e-06
32591.7023 2.914615548101598e-06
32605.214620000003 3.118410897556896e-06
32618.72693 3.535330142465424e-06
32632.23924 3.839023511015405e-06
32645.75156 3.820814059952308e-06
32659.26387 3.885932120478451e-06
32672.77619 4.056904780327977e-06
32686.288500000003 4.300517665697132e-06
32699.80082 4.4610029896416434e-06
32713.31313 4.304037813175764e-06
32726.82544 4.0269308904191055e-06
32740.33776 3.626597368201675e-06
32753.850069999997 3.5262509057958198e-06
32767.36239 3.7103802154666114e-06
32780.8747 4.059749091761161e-06
32794.387019999998 4.141691660604845e-06
32807.89933 4.129336248545717e-06
32821.41165 4.051759036907605e-06
32834.92396 4.1338437810752695e-06
32848.436270000003 4.396159839709674e-06
32861.94859 4.2928977742766365e-06
32875.460899999998 3.993111637517345e-06
32888.97322 3.7676366469636426e-06
32902.48553 3.7176696022046144e-06
32915.99785 3.563874738418597e-06
32929.51016 3.5618943265610184e-06
32943.02247 3.2956461665316083e-06
32956.534790000003 2.923221195911595e-06
32970.0471 2.8197144198316586e-06
32983.55942 2.706637011715467e-06
32997.07173 2.6516813207176473e-06
33010.58405 2.6090229444765095e-06
33024.096359999997 2.670065761609207e-06
33037.60868 2.425213502975148e-06
33051.12099 2.450429404555561e-06
33064.6333 2.6742377177608076e-06
33078.14562 2.9023702999487386e-06
33091.65793 3.178798614134637e-06
33105.170250000002 3.2737264349394134e-06
33118.682560000003 3.3429562228209785e-06
33132.19488 3.326187003033755e-06
33145.707189999998 3.452192443238672e-06
33159.21951 3.374572614084937e-06
33172.73182 3.2757266515599142e-06
33186.24413 3.178669590574316e-06
33199.75645 2.9506119839712644e-06
33213.26876 2.6319646916124407e-06
33226.78108 2.312881631331959e-06
33240.29339 2.2645960152976062e-06
33253.80571 2.285946565202397e-06
33267.31802 2.1875731549493124e-06
33280.83033 2.029707489998283e-06
33294.342649999997 2.020492092092857e-06
33307.85496 2.1696359572772367e-06
33321.36728 2.3809103434639334e-06
33334.87959 2.7899946878517694e-06
33348.39191 3.1293315626214488e-06
33361.90422 3.3092059030898837e-06
33375.416540000002 3.4622553854758116e-06
33388.928850000004 3.561332779840271e-06
33402.44116 3.680365221203188e-06
33415.95348 3.746831413395353e-06
33429.46579 3.7706232222335894e-06
33442.97811 3.571923053706282e-06
33456.49042 3.3031741116624685e-06
33470.00274 3.189042757219458e-06
33483.51505 3.3766146253797456e-06
33497.027360000002 3.6957503275047712e-06
33510.53968 3.7127413323324368e-06
33524.051989999997 3.5780962331997565e-06
33537.56431 3.649610979360907e-06
33551.07662 3.883923772235746e-06
33564.588939999997 4.147099727518027e-06
33578.10125 4.5017609300580635e-06
33591.61357 4.619446102087405e-06
33605.12588 4.736204513326178e-06
33618.638190000003 4.979619128434363e-06
33632.15051 5.176424522618944e-06
33645.662819999997 5.271814271014819e-06
33659.175140000004 5.361419189404021e-06
33672.68745 5.3856951319922264e-06
33686.19977 5.234896527633025e-06
33699.71208 5.35058420354229e-06
33713.22439 5.625900378055363e-06
33726.73671 6.054256670101555e-06
33740.24902 6.393223046888524e-06
33753.76134 6.368082015823058e-06
33767.273650000003 6.300654401811605e-06
33780.78597 6.392981483529172e-06
33794.298279999997 6.645286816370016e-06
33807.8106 6.6967660947266315e-06
33821.32291 6.636199780836219e-06
33834.83522 6.509239004201206e-06
33848.34754 6.404404160335421e-06
33861.85985 6.742130005854017e-06
33875.37217 7.161690272560958e-06
33888.884480000003 7.517999017128403e-06
33902.3968 7.62262856354699e-06
33915.909109999998 7.584158009654429e-06
33929.421430000004 7.621186927182136e-06
33942.933739999996 7.666006426938892e-06
33956.446049999998 7.8977087041324e-06
33969.95837 7.915047556214227e-06
33983.47068 7.864879817119405e-06
33996.983 7.79023230843002e-06
34010.49531 7.719211065188447e-06
34024.00763 7.967246085677824e-06
34037.519940000003 8.186576588717175e-06
34051.03225 8.302046017486672e-06
34064.544569999997 8.323113761044037e-06
34078.05688 8.356376655562885e-06
34091.5692 8.406380408297163e-06
34105.08151 8.305886729466417e-06
34118.59383 8.306883050173358e-06
34132.10614 8.082918552263573e-06
34145.618460000002 7.78617128252426e-06
34159.130770000004 7.4554774030648415e-06
34172.643079999996 7.1932835035180625e-06
34186.1554 7.233038430333097e-06
34199.66771 7.178851988619524e-06
34213.180029999997 7.059259201626706e-06
34226.69234 6.6911755169422014e-06
34240.20466 6.381346233128634e-06
34253.71697 6.315638526393498e-06
34267.229280000002 6.559976756345564e-06
34280.7416 6.810607575743262e-06
34294.25391 6.73712765599992e-06
34307.766230000003 6.528074464572995e-06
34321.27854 6.520199285506483e-06
34334.790859999997 6.923399536923959e-06
34348.30317 7.429352122582651e-06
34361.81549 7.568645198447877e-06
34375.3278 7.50159321759377e-06
34388.840110000003 7.5446699912497545e-06
34402.35243 7.58397509902033e-06
34415.86474 7.700281412956972e-06
34429.377060000004 7.5832477686619225e-06
34442.889369999996 7.215282806292822e-06
34456.40169 6.760034925594455e-06
34469.914 6.357187966560116e-06
34483.42631 5.8886559797705574e-06
34496.93863 5.420402819722944e-06
34510.45094 5.211520036188636e-06
34523.96326 5.0523805528495e-06
34537.475570000002 5.023861930495301e-06
34550.98789 5.20296240583767e-06
34564.5002 5.482114852914957e-06
34578.012520000003 5.829113099347884e-06
34591.52483 6.11120499999021e-06
34605.03714 6.317744278081703e-06
34618.54946 6.61885620683135e-06
34632.06177 6.788341885171463e-06
34645.57409 6.837707522921141e-06
34659.086400000003 6.61637646236564e-06
34672.59872 6.394611852696042e-06
34686.11103 6.24222930071441e-06
34699.62335 6.0884340775164596e-06
34713.135659999996 5.8444512965070585e-06
34726.647969999997 5.399184354649889e-06
34740.16029 5.456946008904398e-06
34753.6726 5.715075301761409e-06
34767.18492 5.9158271038302066e-06
34780.69723 5.906107303145582e-06
34794.20955 5.7608893738964485e-06
34807.721860000003 5.839201506344852e-06
34821.23417 6.087872076136609e-06
34834.74649 6.204646236004046e-06
34848.2588 6.212013390168444e-06
34861.77112 6.275026706290921e-06
34875.28343 6.497240630655794e-06
34888.79575 6.691896171789321e-06
34902.30806 6.799359341586968e-06
34915.82038 6.922689739672646e-06
34929.33269 7.078213238577118e-06
34942.845 7.1665625566959335e-06
34956.35732 6.658213641170005e-06
34969.86963 6.005698607908114e-06
34983.381949999997 5.500546465471335e-06
34996.894259999998 5.3203774834476684e-06
35010.40658 5.240181499654883e-06
35023.91889 5.0654718133999784e-06
35037.4312 4.817174626440359e-06
35050.94352 4.798257796953799e-06
35064.45583 4.9418813199932916e-06
35077.968150000003 5.3880618892492135e-06
35091.48046 5.793858593042977e-06
35104.992779999997 5.846113423962895e-06
35118.50509 5.660429008319813e-06
35132.01741 5.39758747920184e-06
35145.52972 5.104095050109991e-06
35159.04203 4.783895797720335e-06
35172.55435 4.744574477637454e-06
35186.06666 4.817436644137359e-06
35199.57898 4.936253281433819e-06
35213.09129 5.05095933201869e-06
35226.603610000002 5.407546004714592e-06
35240.11592 5.73404561402422e-06
35253.628239999997 5.94907624997413e-06
35267.14055 6.077703461557848e-06
35280.65286 6.2746906764794265e-06
35294.16518 6.288544787258608e-06
35307.677490000002 6.104507764276272e-06
35321.18981 6.150215620347268e-06
35334.70212 6.256387806780562e-06
35348.214440000003 6.294756072700339e-06
35361.72675 6.333823498070907e-06
35375.23906 6.4351375641097356e-06
35388.75138 6.551080363792117e-06
35402.26369 6.698302979391871e-06
35415.776009999997 6.937064083401796e-06
35429.28832 6.968346507878878e-06
35442.80064 6.887386243696417e-06
35456.31295 6.948619317746933e-06
35469.82527 7.156014588410841e-06
35483.33758 7.35743422113066e-06
35496.849889999997 7.548061938677136e-06
35510.36221 7.5850474308637895e-06
35523.87452 7.490379959089504e-06
35537.38684 7.491576298066335e-06
35550.89915 7.654097281607659e-06
35564.41147 7.883343069239831e-06
35577.923780000003 8.049826865275047e-06
35591.436090000004 8.16570433677515e-06
35604.94841 8.357198045138528e-06
35618.46072 8.544849949928045e-06
35631.97304 8.727389108698282e-06
35645.485349999997 8.88979885544383e-06
35658.99767 9.01607465073944e-06
35672.50998 9.265572396688433e-06
35686.022299999998 9.69255434830836e-06
35699.53461 1.0194125496498479e-05
35713.04692 1.0572995825122599e-05
35726.55924 1.0860211125004002e-05
35740.07155 1.1258816340733247e-05
35753.58387 1.1686521191724618e-05
35767.096179999998 1.1926468696558951e-05
35780.6085 1.2022726222668264e-05
35794.12081 1.2048047701598175e-05
35807.63312 1.2008421137486574e-05
35821.14544 1.1939139740857287e-05
35834.65775 1.2022191732857709e-05
35848.170070000003 1.2132649252307995e-05
35861.682380000004 1.2137970968073343e-05
35875.1947 1.2237327077194808e-05
35888.70701 1.2405129858433494e-05
35902.219329999996 1.2468882444231246e-05
35915.731639999997 1.260414072599057e-05
35929.24395 1.2938006197996106e-05
35942.75627 1.316540499018518e-05
35956.26858 1.3224227718039301e-05
35969.7809 1.3341798255356213e-05
35983.29321 1.3587853122373566e-05
35996.805530000002 1.3819205004167467e-05
36010.31784 1.398101029744642e-05
36023.83016 1.3921814854493789e-05
36037.34247 1.3690217931809053e-05
36050.85478 1.3611781838666817e-05
36064.3671 1.3767711868190049e-05
36077.87941 1.3949272731028731e-05
36091.39173 1.4064022387547507e-05
36104.90404 1.4123150774082323e-05
36118.416360000003 1.4325525247411704e-05
36131.928670000004 1.4935063489345134e-05
36145.440979999997 1.5560528876654995e-05
36158.9533 1.581872971264143e-05
36172.46561 1.598473871312377e-05
36185.977929999997 1.6185299813665802e-05
36199.49024 1.6398148062110716e-05
36213.00256 1.665507748112321e-05
36226.51487 1.6949151410092414e-05
36240.02719 1.6945174303358024e-05
36253.5395 1.6975799620770977e-05
36267.051809999997 1.7277634690541637e-05
36280.56413 1.7677016623144508e-05
36294.07644 1.805119108063219e-05
36307.58876 1.82608768600428e-05
36321.10107 1.831902664339521e-05
36334.61339 1.8401703057670277e-05
36348.125700000002 1.868450155878098e-05
36361.638010000004 1.9122795315290775e-05
36375.15033 1.9716274237424374e-05
36388.66264 2.0197762286261697e-05
36402.17496 2.0578446270839563e-05
36415.687269999997 2.1097176780771796e-05
36429.19959 2.1861968811259504e-05
36442.7119 2.2641921549074954e-05
36456.224219999998 2.3222914176552453e-05
36469.73653 2.3625154656503843e-05
36483.24884 2.385090871889726e-05
36496.76116 2.401903836685918e-05
36510.273470000003 2.43631140051421e-05
36523.78579 2.4704249888526998e-05
36537.298099999997 2.4754135781926495e-05
36550.81042 2.4670947926649548e-05
36564.32273 2.4677399141063528e-05
36577.83504 2.471384998613999e-05
36591.34736 2.496629342354064e-05
36604.85967 2.5414454974864286e-05
36618.371990000003 2.5825436776017922e-05
36631.8843 2.632068032269355e-05
36645.39662 2.6878011576341227e-05
36658.90893 2.7580575250134514e-05
36672.42125 2.84545749728125e-05
36685.933559999997 2.924571029775059e-05
36699.44587 2.9833262478251696e-05
36712.95819 3.0402399952969585e-05
36726.4705 3.118973868473385e-05
36739.98282 3.2165391704972956e-05
36753.49513 3.319079694931264e-05
36767.00745 3.426122658338198e-05
36780.519760000003 3.5404811550436345e-05
36794.03208 3.658815212800165e-05
36807.544389999998 3.795196508568348e-05
36821.0567 3.920920959959187e-05
36834.56902 3.99959711119475e-05
36848.08133 4.072276869984185e-05
36861.59365 4.164704680641015e-05
36875.10596 4.260349043098701e-05
36888.61828 4.376606399705697e-05
36902.13059 4.5185581396440345e-05
36915.642899999996 4.674031961994755e-05
36929.15522 4.8785790566756923e-05
36942.66753 5.132259782467019e-05
36956.179849999997 5.405591995260763e-05
36969.69216 5.722518018526185e-05
36983.20448 6.0498074374814436e-05
36996.71679 6.3590357351563e-05
37010.22911 6.671291941339758e-05
37023.74142 6.994025449210137e-05
37037.25373 7.352061214724738e-05
37050.766050000004 7.734438039526986e-05
37064.27836 8.10575640351911e-05
37077.79068 8.4788402927166e-05
37091.30299 8.907025702221615e-05
37104.81531 9.400772630680414e-05
37118.32762 9.940106414618357e-05
37131.83993 0.00010507853538767258
37145.35225 0.0001110431017840403
37158.864560000002 0.00011788068771329829
37172.37688 0.00012566946512432455
37185.889189999997 0.00013410318751321383
37199.40151 0.0001428065489199235
37212.91382 0.00015186998598122479
37226.426139999997 0.000162043038445437
37239.93845 0.00017340164949545628
37253.45076 0.0001851779292194764
37266.96308 0.0001972011440441112
37280.475390000003 0.00020970626171939717
37293.98771 0.0002230895664394846
37307.50002 0.00023807396436469432
37321.012340000004 0.00025451116466694714
37334.52465 0.000271741323796498
37348.036959999997 0.00028991410281842646
37361.54928 0.0003097071425787457
37375.06159 0.00033067268792894814
37388.57391 0.00035333399523131343
37402.08622 0.0003771727750751875
37415.59854 0.00040205302939996806
37429.110850000002 0.00042795208973468897
37442.62317 0.0004553298053144884
37456.135479999997 0.0004843294067332001
37469.64779 0.0005152729513804868
37483.16011 0.0005479626250274455
37496.67242 0.0005827075374264222
37510.18474 0.0006201419405905625
37523.69705 0.0006599786428078284
37537.20937 0.000701959493563029
37550.721680000003 0.0007462573928970918
37564.234 0.0007929524721864744
37577.74631 0.0008424763237339247
37591.25862 0.0008950148457221799
37604.770939999996 0.0009501792940454561
37618.283249999998 0.0010081729708261945
37631.79557 0.0010694056737273955
37645.30788 0.0011339115153191734
37658.8202 0.0012019768837665326
37672.33251 0.001273717458556677
37685.84482 0.0013491018694331415
37699.357140000003 0.001428615458243114
37712.86945 0.0015123256474547544
37726.381769999997 0.0016000015721296828
37739.89408 0.001692110464919096
37753.4064 0.0017889972936339575
37766.91871 0.001892244876109786
37780.43103 0.002000221172304468
37793.94334 0.002113240979936035
37807.45565 0.002232188329448329
37820.967970000003 0.0023577637713888882
37834.480279999996 0.0024902370917756827
37847.992599999998 0.0026297231619670674
37861.50491 0.0027770328237962313
37875.017229999997 0.0029327761985474847
37888.529539999998 0.0030972474646865688
37902.04185 0.003271070857307304
37915.55417 0.0034541706337684304
37929.06648 0.0036480073893551605
37942.5788 0.0038537675496836373
37956.09111 0.004072098630007276
37969.603430000003 0.0043039267572646065
37983.11574 0.004550737365109138
37996.628059999997 0.004813188090227566
38010.14037 0.005093364031941787
38023.65268 0.005392538864571627
38037.165 0.005711841586583985
38050.677310000003 0.006053042390062598
38064.18963 0.006418300314139619
38077.70194 0.0068090406508304335
38091.214260000004 0.007227273720495669
38104.726569999996 0.007675660203851528
38118.23889 0.00815608853794837
38131.7512 0.008671755537113803
38145.26351 0.009226059607254887
38158.77583 0.009822349836191705
38172.28814 0.010467378896775181
38185.80046 0.011170287806627453
38199.312770000002 0.011918459542571286
38212.82509 0.012726157076642045
38226.3374 0.013599350779733356
38239.84971 0.014544006630570058
38253.36203 0.015565996321254221
38266.87434 0.016671882309729335
38280.38666 0.017868793551669673
38293.89897 0.01916502339985942
38307.41129 0.020569890653426084
38320.923600000003 0.022092851229624993
38334.43592 0.023744419154984653
38347.94823 0.0255362158379928
38361.46054 0.027480402919657667
38374.972859999996 0.029590080067102495
38388.485169999997 0.03190944004567652
38401.99749 0.03440092694712224
38415.5098 0.0370963788115946
38429.02212 0.04001764786236284
38442.53443 0.04318123741424415
38456.04674 0.04660451567105081
38469.559060000003 0.050305911143388164
38483.07137 0.054303836271352615
38496.58369 0.05861681268498051
38510.096 0.06326272505969315
38523.60832 0.06826022189554053
38537.12063 0.07362768525024017
38550.63295 0.07938122417405694
38564.14526 0.08553508271286114
38577.65757 0.09218300505235597
38591.16989 0.09920320753206263
38604.6822 0.10662648636600779
38618.19452 0.11448202952819085
38631.70683 0.12276741556002431
38645.219149999996 0.13147683015143752
38658.731459999998 0.1406008816345033
38672.24377 0.15012427515606827
38685.75609 0.1600269084330322
38699.2684 0.17028609655944563
38712.78072 0.18086715486492105
38726.29303 0.19173615906485392
38739.805350000003 0.20285390923427576
38753.31766 0.21417550914100741
38766.82998 0.22565034585731975
38780.34229 0.23722952647661621
38793.8546 0.2488549542954379
38807.36692 0.26047410606156296
38820.87923 0.27203506044570347
38834.39155 0.2834826915322879
38847.90386 0.29476402762362974
38861.41618 0.30583276241238333
38874.92849 0.3166471401054834
38888.440810000002 0.32716471801236424
38901.95312 0.33735634197534503
38915.46543 0.3471927046009383
38928.97775 0.356650323586992
38942.49006 0.36571247141682806
38956.00238 0.3743716176995421
38969.514690000002 0.3826129227366505
38983.02701 0.3908845269750362
38996.53932 0.39830179638531904
39010.051629999998 0.40530542671787906
39023.56395 0.4119070777169914
39037.07626 0.41812432003129874
39050.58858 0.42397034634848185
39064.10089 0.4294568457787437
39077.613209999997 0.4346091574335229
39091.12552 0.439445122705859
39104.63784 0.4439794174541546
39118.15015 0.44823716892561505
39131.66246 0.4522256494461727
39145.17478 0.4562158278517109
39158.687089999997 0.4599501039790818
39172.19941 0.46321299455290527
39185.71172 0.46625796434500955
39199.22404 0.4690980631851546
39212.73635 0.4717507676751248
39226.24866 0.47422007912765274
39239.760980000002 0.4765165479869236
39253.273290000004 0.47865764925334564
39266.78561 0.48064666915430493
39280.29792 0.48248995651959237
39293.81024 0.48420104292380095
39307.322549999997 0.4857777287468674
39320.83487 0.4872262894538745
39334.34718 0.48856258980701417
39347.85949 0.4897926641461102
39361.37181 0.4909182761820282
39374.88412 0.49222641466330397
39388.39644 0.49346371108532394
39401.90875 0.4943347168073331
39415.42107 0.49519024513794485
39428.933379999997 0.49597828359911067
39442.44569 0.4966973852404012
39455.95801 0.49735476414703794
39469.47032 0.49795813747740697
39482.98264 0.4985088799137066
39496.49495 0.49900984238119317
39510.007270000003 0.49941141373558806
39523.519580000004 0.49975405298298603
39537.0319 0.5000574390834432
39550.54421 0.5003335507495041
39564.05652 0.5005835290609378
39577.568839999997 0.5008071528674847
39591.08115 0.5010121256660933
39604.59347 0.5012030392127035
39618.10578 0.5013791639655447
39631.6181 0.5015388838419103
39645.13041 0.5016899792143115
39658.64273 0.5018276641060747
39672.15504 0.5019534465930673
39685.66735 0.5020753248275104
39699.179669999998 0.5026998657173434
39712.69198 0.5028637767472715
39726.2043 0.5029811554606602
39739.71661 0.5030975726610221
39753.22893 0.5032090724791697
39766.74124 0.5033197647866057
39780.25355 0.5040118063933746
39793.765870000004 0.5041176632511419
39807.278179999996 0.5042152420939268
39820.7905 0.5043076619819876
39834.30281 0.504395916954992
39847.815129999997 0.5044811810631915
39861.32744 0.5045674123326792
39874.83976 0.5046525158673744
39888.35207 0.5047322697320482
39901.864380000003 0.5048148052985437
39915.3767 0.5048970937542527
39928.889009999997 0.5049753468847565
39942.40133 0.5050550058376561
39955.91364 0.505135429517704
39969.42596 0.5052124204810765
39982.93827 0.5052861444382353
39996.45058 0.5053617603818013
40009.9629 0.5054261936251196
40023.47521 0.5054835199974049
40036.98753 0.5055439356640322
40050.49984 0.505603118537719
40064.01216 0.5056598940644513
40077.52447 0.5057178882438016
40091.03679 0.5057786433491023
40104.5491 0.5058592053164637
40118.06141 0.5059850386827649
40131.57373 0.5061153633937607
40145.08604 0.5062421413141098
40158.59836 0.5063672284284744
40172.11067 0.5064933802919576
40185.62299 0.5069460281149301
40199.1353 0.5073221503136893
40212.64761 0.5079472777737917
40226.15993 0.5080096514429489
40239.67224 0.5080689699494859
40253.18456 0.5081309707040605
40266.69687 0.5081959065071574
40280.20919 0.5082603486502235
40293.7215 0.5083236222720788
40307.23382 0.5083886201962123
40320.74613 0.5084514853619961
40334.25844 0.5085098472771948
40347.77076 0.508570732069123
40361.28307 0.5086319146515483
40374.79539 0.5086912043413774
40388.3077 0.508750719892042
40401.82002 0.5088245480993413
40415.33233 0.5089572947782289
40428.84465 0.5090888347071296
40442.35696 0.5092250936074911
40455.869269999996 0.5093606040808156
40469.38159 0.5094933567541016
40482.8939 0.5096258215526251
40496.40622 0.5097594953668343
40509.91853 0.509835424200073
40523.43085 0.5098914279883722
40536.94316 0.5099489515027097
40550.45547 0.5100034515940772
40563.96779 0.5100560497430929
40577.4801 0.5101102622573781
40590.99241999999 0.510166081050037
40604.504729999995 0.5104811442548891
40618.01705 0.5108569461213893
40631.52936 0.5109111607436039
40645.04168 0.5109607986833822
40658.55399 0.5110061218276929
40672.0663 0.5110511019990657
40685.578620000005 0.5110929844519718
40699.09093000001 0.5111274290333095
40712.60325 0.5112275101303297
40726.11556 0.5116768230290643
40739.62788 0.5119964450768526
40753.14019 0.5120950818128072
40766.6525 0.5121969638323606
40780.16482 0.5122957060061235
40793.67713 0.5123914365779725
40807.18945 0.5124527141067468
40820.70176 0.5124804357284154
40834.21408 0.5125029841461657
40847.72639 0.5125234034697239
40861.23871 0.5125461633181134
40874.75102 0.5125644360645221
40888.26333 0.5125822775266031
40901.77565 0.5126028225074879
40915.28796 0.512623574847232
40928.80028 0.5126420673654167
40942.31259 0.5126634209265258
40955.82491 0.5126892144565786
40969.33722 0.5127123086000329
40982.84953 0.5127365268988573
40996.361850000005 0.5127631257099711
41009.87416 0.5127410763464716
41023.38648 0.5126966850819659
41036.89878999999 0.5130607347300398
41050.41110999999 0.513202786903799
41063.92342 0.5131608251744804
41077.43574 0.5131198652917935
41090.94805 0.5130836184273987
41104.46036 0.5130694014840768
41117.97268 0.513095838745086
41131.48499 0.5131274728240565
41144.997309999995 0.5131600917382703
41158.50962000001 0.5131904886342857
41172.02194000001 0.5132185831080818
41185.53425 0.5135637323819839
41199.04657 0.5138442917744456
41212.55887999999 0.513873051901729
41226.07119 0.5139024047289829
41239.58351000001 0.5139318986712765
41253.09582 0.5139575528251941
41266.60814 0.5139827651320164
41280.12045 0.5140117454720536
41293.63277 0.514038002138637
41307.14508 0.5140252410816187
41320.65739 0.5139789473408944
41334.16971 0.5139316904683111
41347.68202 0.5138769556417756
41361.19434 0.513819321266666
41374.706649999995 0.5137591698840585
41388.21897 0.5136939504597655
41401.73128000001 0.5136377186052217
41415.2436 0.5136939352134224
41428.75591 0.5137479847669753
41442.26821999999 0.5137964315784038
41455.78054 0.5138428127975732
41469.29285000001 0.5138892217098974
41482.80517 0.5145201632253205
41496.31748 0.5145548726288534
41509.8298 0.5145394872853937
41523.34211 0.5145020265006154
41536.85442 0.5144588363388236
41550.36674 0.5144092395499351
41563.87905 0.5143575153286412
41577.39136999999 0.5142991999423261
41590.90368 0.5142346439690872
41604.416 0.5144202903223254
41617.92831 0.5146762705830149
41631.44063 0.5146092886130826
41644.95294 0.5145381129752009
41658.46525 0.5144668653924843
41671.97757 0.5143917374482279
41685.489879999995 0.5143063316543666
41699.00220000001 0.5142185687570519
41712.51451 0.514134180236913
41726.02683 0.5140442870516755
41739.53914 0.5139502963195669
41753.051459999995 0.5138539704801902
41766.563770000005 0.5137559531784114
41780.07608 0.5136528062491172
41793.5884 0.5135491664391698
41807.10071 0.5134463390866859
41820.61303 0.5133424978120193
41834.12534 0.5132351678725725
41847.63766 0.5131297722560584
41861.14997 0.5130249359593522
41874.66228 0.5129172877433427
41888.1746 0.512806902990359
41901.68691 0.5126969717088239
41915.199229999995 0.5125803144806167
41928.711540000005 0.5124605806799092
41942.22386000001 0.5129278455536874
41955.73617 0.5128110388436177
41969.24849 0.5126934899092003
41982.76079999999 0.5125759604297834
41996.27311 0.5124637444957243
42009.78543 0.5123514214302478
42023.29774 0.5122384444758004
42036.81006 0.512511913294023
42050.32237 0.5125848145478948
42063.83469 0.512477155753425
42077.347 0.5123697273226293
42090.85931 0.512264298254697
42104.37163 0.5121672189752964
42117.88394 0.5120802341439006
42131.39626 0.5119936639088976
42144.908569999995 0.5119101126521228
42158.42089 0.5118292701579753
42171.93320000001 0.5117474418387442
42185.44552 0.5116678768351417
42198.95783 0.5115918787288839
42212.47013999999 0.5115061712391593
42225.982459999996 0.5114192704066995
42239.49477 0.5113352431385445
42253.00709 0.5112524450306583
42266.5194 0.5111670692071852
42280.03171999999 0.5110786187401064
42293.54403 0.5109902226661125
42307.056339999995 0.5109012805858959
42320.56866 0.5108084532645927
42334.08097000001 0.5107119046417019
42347.59329 0.5106159665337398
42361.1056 0.5105200430423806
42374.61792 0.5104256248246322
42388.13023 0.5103375971294899
42401.64255 0.5102557072231404
42415.15486 0.5101694338526219
42428.66717 0.5105925493591432
42442.17949 0.5105948040530528
42455.6918 0.5105225659166157
42469.20412000001 0.5104492468750856
42482.71643 0.5109383093934854
42496.22875 0.5108652049150291
42509.74105999999 0.5107819462986645
42523.253379999995 0.5106926299541862
42536.765690000005 0.5106035334919993
42550.278 0.5105164312545782
42563.79032 0.5104290558998166
42577.30263 0.5103418286376551
42590.81495 0.5102564351654869
42604.32726 0.5098672074688283
42617.83958 0.5088287628987352
42631.35189 0.5077903588076582
42644.8642 0.5067527887350545
42658.37652 0.5057131831036492
42671.88883 0.504669004546657
42685.401149999995 0.5036221374463586
42698.913460000005 0.5025738477371553
42712.42578000001 0.5010821473659849
42725.93809 0.49954871504916554
42739.45041 0.49801508597770755
42752.96271999999 0.49648250295680507
42766.47503 0.49494905052470717
42779.98735 0.4934155199715168
42793.49966 0.4918846848313704
42807.01198 0.492318576564416
42820.52429 0.4945693831553668
42834.03661 0.4968174297589045
42847.54892 0.49906331023177253
42861.06123 0.5013054186489143
42874.57355 0.503542253978738
42888.08586 0.5057758113299047
42901.59818 0.5077395820882076
42915.110489999995 0.5077017261600485
42928.62281 0.5076618773118489
42942.13512000001 0.5083053739398465
42955.64744 0.5087232340504995
42969.15975 0.5086844871907488
42982.67206 0.5086452870974261
42996.18438 0.5086067470831799
43009.69669 0.5085107532770532
43023.20901 0.5083899723497585
43036.72132 0.5082671704365034
43050.23363999999 0.5081444497564311
43063.74595 0.5080211956398937
43077.258259999995 0.5078959357060455
43090.77058 0.5077695922014853
43104.28289000001 0.5076430502893037
43117.79521 0.5075136954388324
43131.30752 0.5073834414811917
43144.81984 0.5072533474075646
43158.33215 0.507124240306739
43171.84447 0.5069946104600754
43185.35678 0.5068635921126591
43198.86909 0.5067322589651623
43212.38141 0.5066148557826773
43225.89372 0.5064971188382121
43239.40604000001 0.5063770486986907
43252.91835 0.5062560020999047
43266.43067 0.5061341587388825
43279.94297999999 0.5060105345189434
43293.45529999999 0.5058851628323501
43306.967610000004 0.5057553296984987
43320.47992 0.5056207686893872
43333.99224 0.5054851357601529
43347.50455 0.5053482294349496
43361.01687 0.5052121081719453
43374.52918 0.5050754311192537
43388.0415 0.5049375659196862
43401.55381 0.5047973615344938
43415.06612 0.5046544114348567
43428.57844 0.5045080355402957
43442.09075 0.5043581228279113
43455.603069999995 0.5045149367642933
43469.115380000005 0.5046027657196349
43482.6277 0.5044399006578659
43496.14001 0.504261468604091
43509.65233 0.5040750792332138
43523.16464 0.504459752614541
43536.67695 0.5042659748447711
43550.18927 0.5040685964135061
43563.70158 0.5038666925540526
43577.2139 0.5036612038144257
43590.72621 0.5034498346703655
43604.23853 0.5032370274254294
43617.75084 0.5030283665417311
43631.26315000001 0.502813820288448
43644.77547000001 0.5025925382750606
43658.28778 0.5023647447590707
43671.8001 0.5021313623282055
43685.312409999995 0.5018923685043775
43698.82473 0.5016481054630182
43712.33704 0.5013945443825392
43725.84936 0.5011367369849042
43739.36167 0.5008740225923558
43752.87398 0.5006069376023378
43766.3863 0.500334711267623
43779.89861 0.5000597062304093
43793.41093 0.49978031647425325
43806.92324 0.4995026867028106
43820.43555999999 0.4992248701963093
43833.94787 0.4989444301711524
43847.460179999995 0.4986608628514001
43860.9725 0.49837590079046035
43874.48481000001 0.4980884779428984
43887.99713 0.4978008443022618
43901.50944 0.4975119995882894
43915.02176 0.4972211263794135
43928.53407 0.49693103676865713
43942.04639 0.4966430369155791
43955.5587 0.49635707555319053
43969.07101 0.4961032804696403
43982.58332999999 0.4958664723036986
43996.09564 0.4956314919108141
44009.60796000001 0.4953986547960082
44023.12027 0.49516721877530806
44036.63259 0.4949396686108732
44050.14489999999 0.4947226776393727
44063.65721999999 0.49503822594893787
44077.16953 0.4948221142453595
44090.68184 0.49461271442641425
44104.19416 0.49440779746170527
44117.70647 0.4942087977518794
44131.21879 0.4940839374649276
44144.7311 0.4943910582538824
44158.24342 0.4942091287109134
44171.75573000001 0.4940331578493158
44185.26804 0.493861589066693
44198.78036 0.49369413908810383
44212.29266999999 0.4935331889207861
44225.804989999995 0.49337627755299945
44239.317300000005 0.49322433121030673
44252.82962 0.4930759475978851
44266.34193 0.4929332681311993
44279.85425 0.49279348885859486
44293.36656 0.49265905830475953
44306.87887 0.4925232400146844
44320.39119 0.49238787514921656
44333.9035 0.4922552928077416
44347.41582 0.49212750156977236
44360.92813 0.49200278324657526
44374.44045 0.4918813176923516
44387.95276 0.4917625392259867
44401.46507000001 0.49164728484371034
44414.97739000001 0.49154049320575993
44428.4897 0.4914351464850708
44442.00202 0.49132926189134796
44455.51432999999 0.49120519936035495
44469.02665 0.49108357897063304
44482.53896 0.4909612846964948
44496.05128 0.4908408260799498
44509.56359 0.4907170890690755
44523.0759 0.49059375864592425
44536.58822 0.49046921196636495
44550.10053 0.4903445235937529
44563.61285 0.49021974788154715
44577.12516 0.49009509775871285
44590.63747999999 0.48997022243443555
44604.14979 0.4898451408423046
44617.662110000005 0.4897235610931238
44631.17442 0.4896015125805672
44644.68673000001 0.4894801070845922
44658.19905 0.4893559143967562
44671.71136 0.489231851585114
44685.22368 0.48910570070756704
44698.73599 0.48897894530454983
44712.24831000001 0.4888488213460232
44725.76062 0.4887174377609347
44739.27293 0.48858454143444885
44752.78524999999 0.48844969447261766
44766.29756 0.4886500371464897
44779.809880000006 0.4887077565180121
44793.32219 0.48856659683908965
44806.83451 0.4884216645747793
44820.34682 0.4882745634070087
44833.85914 0.4881230888553172
44847.37145 0.4883796282168143
44860.88376 0.48836874598600105
44874.39608 0.4882095878707021
44887.90839 0.48804798063998817
44901.42071 0.48788419448261466
44914.93302 0.4877143605839716
44928.44534 0.48754014046141614
44941.95765000001 0.4873622870663924
44955.46996 0.487171546111425
44968.98228 0.48697959929358337
44982.49458999999 0.486782455002448
44996.006909999995 0.48658241257652113
45009.519220000005 0.4863844084234332
45023.03154 0.48618684550589025
45036.54385 0.48598431753542315
45050.05617 0.48577622243687335
45063.56848 0.48556560232402723
45077.08079 0.485350528960129
45090.59311 0.4851322534973102
45104.10542 0.48490723869308494
45117.61774 0.48467918856415604
45131.13005 0.4844468377120223
45144.64237 0.48421233369329575
45158.154679999996 0.48397293940162234
45171.66699000001 0.4837298665176291
45185.17931 0.48348487218414277
45198.69162 0.48323564152045784
45212.20394 0.48298582242985777
45225.71624999999 0.482730483753097
45239.22857 0.48247370267004674
45252.74088 0.4822116749684643
45266.2532 0.48194580453115765
45279.76551 0.4816746269381194
45293.27782 0.48140120161486594
45306.79014 0.48112299848787354
45320.30245 0.48083820638153574
45333.81477 0.4805517637887555
45347.32708 0.4802627539787691
45360.8394 0.47997553013904026
45374.35171 0.47968511515467294
45387.864030000005 0.4793930262541872
45401.37634 0.47909869599068067
45414.88865 0.47880484900580256
45428.40097 0.47850959003599036
45441.91328 0.4782101024088081
45455.425599999995 0.47790776234850646
45468.937910000005 0.47760203975844595
45482.45023000001 0.4772975157863739
45495.96254 0.47699061777453566
45509.47485 0.4766892415051703
45522.98716999999 0.4763901662759006
45536.49948 0.47609243406777424
45550.011800000005 0.47579509448614743
45563.52411 0.4754971332339027
45577.03643 0.47520229875549924
45590.54874 0.47490814310534935
45604.06106 0.4746147203293045
45617.57337 0.4747115379355625
45631.08568 0.4745424437298331
45644.598 0.47424929701299356
45658.11031 0.473957202805269
45671.62263 0.4736656269635512
45685.13493999999 0.4733734143335155
45698.64726 0.4730856091337997
45712.15957000001 0.4729115137824298
45725.67188 0.4730430710023089
45739.1842 0.472751349223962
45752.69650999999 0.4724615867255718
45766.208829999995 0.47217401562957045
45779.721140000005 0.47188548718715173
45793.23346 0.4715967647485824
45806.74577 0.47130783275769383
45820.25809 0.4710231582292884
45833.7704 0.47073617894521325
45847.28271 0.47044805755088354
45860.79503 0.47015756462729497
45874.30734 0.46986571789423837
45887.81966 0.46957274227018264
45901.33197 0.46927326623461635
45914.84429 0.46896519199904696
45928.356599999995 0.46865493366005806
45941.868910000005 0.46834534412235884
45955.38123 0.46803112411948206
45968.89354 0.4677126771379986
45982.40586 0.46739233108701417
45995.91817 0.4670700885845401
46009.430490000005 0.4667464404773227
46022.9428 0.4664154429155254
46036.45512 0.4660812195003038
46049.96743 0.4657426697789563
46063.47974 0.46539988275357747
46076.99206 0.465049785352185
46090.50437 0.4646915666438869
46104.01669 0.4643493840671702
46117.52900000001 0.4640486271499584
46131.04132 0.46374142494182985
46144.55363 0.463424367811607
46158.065950000005 0.46310207102304646
46171.57826 0.46277625368755665
46185.09057 0.46244536760499044
46198.60289 0.4621085443524906
46212.1152 0.46169991389003273
46225.62751999999 0.4612804443175249
46239.139830000004 0.46085478247337824
46252.65215000001 0.460422062177897
46266.16446 0.45998196890316256
46279.67677 0.4595359625668569
46293.18908999999 0.45908623069418136
46306.7014 0.4586300497306173
46320.213720000005 0.4581686896252113
46333.72603 0.45770032073102607
46347.23835 0.45722898090638503
46360.75066 0.4567534564032196
46374.26298 0.45627007209970905
46387.77529 0.4557823921460249
46401.2876 0.455290604182533
46414.79992 0.45480042925132635
46428.31223 0.4543053073095913
46441.82455 0.45380550581251333
46455.33685999999 0.45330371861312047
46468.84918 0.4528010418379741
46482.36149000001 0.45229820968462764
46495.8738 0.45179018106375657
46509.38612 0.4512782589662651
46522.89842999999 0.4512555079157686
46536.410749999995 0.4507387059972776
46549.923060000005 0.45022099783778147
46563.43538 0.44970015413770914
46576.94769 0.4491820929413717
46590.46001 0.4486663461001205
46603.97232 0.4481551399072846
46617.48463 0.44764934189161043
46630.99695 0.44714615379120426
46644.50926000001 0.44664981246594126
46658.02158 0.4461580672209726
46671.53389 0.44567091204614606
46685.04621 0.44518579040162853
46698.558519999995 0.44470753007375025
46712.070830000005 0.4442391499315419
46725.58315 0.44377631521662264
46739.09546 0.4433188196015918
46752.60778 0.44286547083212435
46766.12009 0.4424209555456554
46779.632410000005 0.44198353362496146
46793.14472 0.4415503282529703
46806.65704 0.4411184399639005
46820.16935 0.44068865356992043
46833.68166 0.44026967812041023
46847.19398 0.43985801446452905
46860.70629 0.43945359168490983
46874.21861 0.4390580974104359
46887.73092 0.43867373988652997
46901.24324 0.4383023832617546
46914.75555 0.43794184960660343
46928.267869999996 0.4375893903564444
46941.78018 0.4372460750352839
46955.29249 0.4369135493687437
46968.80481 0.43659036105896554
46982.31712 0.43676732838611104
46995.82943999999 0.43645692651416756
47009.34175 0.4361577463094589
47022.85407000001 0.4358688822094748
47036.36638 0.4355861201824144
47049.87869 0.4353073993647337
47063.39100999999 0.43503801884779014
47076.90332 0.434777137989239
47090.415640000005 0.43452445774017506
47103.92795 0.43429281556212296
47117.44027 0.4341067155234702
47130.95258 0.4339291288978807
47144.4649 0.43375813600377894
47157.977209999995 0.433592459364548
47171.48952 0.4334278179349882
47185.00184000001 0.433266603522671
47198.51415 0.43311063613244427
47212.02647 0.4329036321805725
47225.53877999999 0.43269113758699285
47239.0511 0.4324780523593069
47252.56341000001 0.4322679016610571
47266.07572 0.4320607377142023
47279.58804 0.4318523542738394
47293.10035 0.4316431526706026
47306.61267 0.4314332576486999
47320.124980000005 0.4312265097847264
47333.6373 0.4310206105171342
47347.14961 0.43114812799990454
47360.66193 0.43106996414892584
47374.17424 0.43085567534201796
47387.68654999999 0.4306419084803019
47401.19887 0.4304252512144705
47414.71118000001 0.43020600518198265
47428.2235 0.42998235596226175
47441.73581 0.4297553941950001
47455.24813 0.42952636477894807
47468.760439999995 0.42929025244762087
47482.27276 0.4290464126190744
47495.78507 0.4287979940640885
47509.29738 0.42854571872924274
47522.8097 0.42829046685369654
47536.32201 0.4280275962936254
47549.834330000005 0.42775839685057204
47563.34664 0.42748686073692044
47576.85896 0.42721263950444965
47590.37127 0.4269349201012681
47603.88358 0.426651181389214
47617.3959 0.4263658219523654
47630.90821 0.4260620311808212
47644.42053 0.4257510865379475
47657.93284 0.425435091816575
47671.44516 0.42511155539495893
47684.95747 0.42478455269289284
47698.469789999995 0.42445618912894434
47711.9821 0.4241228699210605
47725.49441 0.4237850320932191
47739.00673 0.42344195163869264
47752.51904 0.42309866298994214
47766.03135999999 0.42275624648121557
47779.54367 0.42241135882683145
47793.05599000001 0.42206417954065323
47806.5683 0.42171103361081574
47820.08061000001 0.42135679338965115
47833.59293 0.4210055540277277
47847.10524 0.42065333694519913
47860.617560000005 0.42030065201882216
47874.12987 0.4199488410280028
47887.64219 0.41960179646712525
47901.1545 0.4192580642087127
47914.66682 0.41891620479425296
47928.179129999995 0.4185749408041722
47941.691440000005 0.41823628828413784
47955.20376000001 0.41790305080655016
47968.71607 0.417572810636261
47982.22839 0.4172427613290046
47995.74069999999 0.4169152563622649
48009.25302 0.4165953077320909
48022.76533000001 0.41628258670057927
48036.27764 0.41597260322605567
48049.78996 0.41566303866979626
48063.30227 0.4153577559730215
48076.81459 0.41505841202837335
48090.3269 0.4152183133747597
48103.83922 0.4149250647511952
48117.35153 0.41462650104240617
48130.86384999999 0.4143327703412406
48144.37616 0.4140448522014951
48157.88846999999 0.4137606682626186
48171.40079 0.41347660254437163
48184.91310000001 0.41319148588856436
48198.42542 0.4129086739536862
48211.93773 0.4126358535950696
48225.45005 0.4123635862512065
48238.962359999995 0.4120885299825759
48252.47468 0.4118106585629724
48265.98699 0.41153397810079095
48279.4993 0.41125819681057374
48293.01162 0.41097917873860246
48306.52393 0.41069329346816213
48320.036250000005 0.41040091428588854
48333.54856 0.41010846652149424
48347.06088 0.40981480842167406
48360.57318999999 0.4095147309010933
48374.0855 0.40920659153031547
48387.59782 0.40889068130494555
48401.11013 0.4085695672984544
48414.62245 0.4082404233269965
48428.13476 0.4078990955073605
48441.64708 0.40754513955243293
48455.15939 0.4071797387644146
48468.671709999995 0.40680551865302494
48482.184020000005 0.40642124496435283
48495.69633 0.4060216631889396
48509.20865 0.4056153054792111
48522.72096 0.4052001003330546
48536.23327999999 0.40477521497490365
48549.74559 0.4043390580626052
48563.25791000001 0.40388624535686013
48576.77022 0.40341910251518454
48590.28253 0.402939292179126
48603.79485 0.40244828860456894
48617.30716 0.40194336955156706
48630.81948 0.40142142832661276
48644.33179 0.40088473465983887
48657.84411 0.4003349034469834
48671.35642 0.3997732987920736
48684.86874 0.3991974303136929
48698.381049999995 0.3986048056384721
48711.893360000005 0.3979934619198808
48725.40568000001 0.39737042910420095
48738.91799 0.39673784289406683
48752.43031 0.3960933140866958
48765.94261999999 0.39569251990792426
48779.454939999995 0.39519999274281936
48792.96725000001 0.3943668551067956
48806.47956 0.39352420209087124
48819.99188 0.39267647427731706
48833.50419 0.3918205523588051
48847.01651 0.39095939731969725
48860.528819999995 0.3900968559640972
48874.04114 0.38923235353297897
48887.55345 0.38836358993133613
48901.06576999999 0.3874904391341554
48914.57808 0.38661383084596745
48928.09038999999 0.38573934584182457
48941.60271 0.3848658715848009
48955.11502000001 0.38399101871753294
48968.62734 0.3831148981339396
48982.13965 0.38224039129926685
48995.65197 0.38137080173089705
49009.16428 0.3805046720445987
49022.67660000001 0.37963993520437256
49036.18891 0.3787771256335718
49049.70122 0.37791957315420077
49063.21354 0.3770687777057785
49076.72585 0.37622318968106505
49090.238170000005 0.37537894902369395
49103.75048 0.3745357027625994
49117.2628 0.3736970784310829
49130.77511 0.37286203973055076
49144.28742 0.3720278347016137
49157.79974 0.37118936741473463
49171.31205 0.37034575243255424
49184.82437 0.36949735102910497
49198.33668 0.36864477457523537
49211.849 0.3677798626416855
49225.36131 0.36690004742768245
49238.873629999995 0.36600431385356946
49252.385940000005 0.3650918129190853
49265.89825 0.3641640200940467
49279.41057 0.3632122184504868
49292.92288 0.3622337433900109
49306.43519999999 0.36122361550397253
49319.94751 0.3601821042621388
49333.45983000001 0.35910857025121223
49346.97214 0.35799301867359523
49360.48445 0.35683401095289696
49373.99677 0.35561955632186304
49387.50908 0.35435517592582966
49401.0214 0.35303367193946894
49414.53371 0.3518249829124621
49428.04603 0.3505831966083017
49441.55834 0.34905303902326623
49455.07066 0.34745321108881355
49468.582969999995 0.34576941205087186
49482.095280000005 0.34400679276045293
49495.60760000001 0.34215387759827137
49509.11991 0.3402089817295152
49522.63223 0.33817667229186343
49536.14453999999 0.3360449369784406
49549.656859999995 0.33382476251694904
49563.169170000005 0.33149438102104517
49576.68148 0.3290667465834275
49590.1938 0.3265353084685374
49603.70611 0.32390277171068027
49617.21843 0.3211725927361869
49630.730739999995 0.318330806101949
49644.24306 0.3153953192807375
49657.75537000001 0.3123486117166861
49671.26769 0.3092129970063054
49684.78 0.30597730689983116
49698.29230999999 0.30264605786147764
49711.80463 0.2992292509019232
49725.31694000001 0.2957178422456739
49738.82926 0.2921339113147898
49752.34157 0.2884571731000481
49765.85389 0.2847111601425618
49779.3662 0.28088506054043516
49792.87852000001 0.27699317516865424
49806.39083 0.2730402757049962
49819.90314 0.26902500140426044
49833.41545999999 0.26496247460711614
49846.92777 0.26083933328769826
49860.44009 0.25668351594675703
49873.9524 0.2524848568961004
49887.46472 0.24825991120266083
49900.97703 0.24400624343649668
49914.48934 0.23972796659047219
49928.00166 0.23543708677659225
49941.513969999995 0.23112976024185594
49955.02629 0.22682611105273315
49968.5386 0.22251235479579745
49982.05092 0.2182052822517781
49995.56323 0.2139014601662621
50009.075549999995 0.209632133582215
50022.587860000005 0.2053891524975493
50036.10017 0.20116082663774537
50049.61249 0.1969564267262098
50063.12479999999 0.19276923096469473
50076.63711999999 0.18861724295031845
50090.14943 0.18469342420097717
50103.66175 0.18060092843632222
50117.17406 0.17654219470103727
50130.68637 0.17252079679411292
50144.19869 0.1685416475956703
50157.711 0.1646027081590984
50171.22332 0.1607113719099048
50184.73563 0.15686032711456857
50198.24795000001 0.15305934080306785
50211.76026 0.1493035211936525
50225.27258 0.1455994050698679
50238.784889999994 0.14194390987074879
50252.297200000005 0.1383370471530776
50265.80952000001 0.13478028375124956
50279.32183 0.1312705641319531
50292.83415 0.12781424395610796
50306.34646 0.12440336005469108
50319.85878 0.12104393209560768
50333.37109 0.11772777796789327
50346.88341 0.11446044965049491
50360.39572 0.1112393469335328
50373.90803 0.10806552344125561
50387.42035 0.10493871257413041
50400.932659999995 0.1018551018529749
50414.44498 0.09882002066093053
50427.95729000001 0.09582689642411103
50441.46961 0.09288461841147289
50454.98192 0.08998378432418977
50468.49422999999 0.08713050342631021
50482.00655 0.08432000499638494
50495.51886000001 0.08155544614685167
50509.03118 0.07883642083950657
50522.54349 0.07616121325671461
50536.05581 0.07353278884910636
50549.56812 0.07094564101830542
50563.08044000001 0.06840815728763305
50576.59275 0.06591294663405063
50590.10506 0.06346799614411198
50603.61737999999 0.06106601236649875
50617.12969 0.058712489621252036
50630.64201 0.056406382404797596
50644.15432 0.054165257949277644
50657.66664 0.05197309123146582
50671.17895 0.04982810041379239
50684.69126 0.04773509972917672
50698.20358 0.04568994236966713
50711.715889999995 0.04370048868511181
50725.22821 0.041761831889339254
50738.74052 0.039879781028242106
50752.25284 0.038050299154879036
50765.76515 0.03627693796600931
50779.277469999995 0.03459359376993809
50792.789780000005 0.03293230083519812
50806.30209 0.03132491911644832
50819.81441 0.02977259549641177
50833.32671999999 0.028277295070189182
50846.83904 0.026836108752862124
50860.35135 0.02545217815763472
50873.86367 0.0241221751207164
50887.37598 0.022847871142771602
50900.88829 0.02162653128502013
50914.40061 0.020458874224449194
50927.91292 0.019343258179320515
50941.42524 0.018279138714258153
50954.93755000001 0.017265203122898386
50968.44987000001 0.01629976017443967
50981.96218 0.015381929266180733
50995.4745 0.014509641314999547
